date,status,attacker,victim,leg_infrence_cnts,sus_infrence_cnts,path_cnts,type,valid_origin,recurrent,local,inference_id,leg_flag,sus_flag
2023-05-30,leg,42149,57277,10,0,1,1,True,False,False,1,1,0
2023-05-30,leg,42149,57277,10,0,1,1,True,False,False,2,1,0
2023-05-30,leg,42149,57277,10,0,1,1,True,False,False,3,1,0
2023-05-30,leg,42149,57277,10,0,1,1,True,False,False,4,1,0
2023-05-30,leg,42149,57277,10,0,1,1,True,False,False,5,1,0
2023-05-30,leg,42149,57277,10,0,1,1,True,False,False,6,1,0
2023-05-30,leg,42149,57277,10,0,1,1,True,False,False,7,1,0
2023-05-30,leg,42149,57277,10,0,1,1,True,False,False,8,1,0
2023-05-30,leg,42149,57277,10,0,1,1,True,False,False,9,1,0
2023-05-30,leg,42149,57277,10,0,1,1,True,False,False,10,1,0
2023-05-30,leg,17639,42612,10,0,1,1,True,False,True,1,1,0
2023-05-30,leg,17639,42612,10,0,1,1,True,False,True,2,1,0
2023-05-30,leg,17639,42612,10,0,1,1,True,False,True,3,1,0
2023-05-30,leg,17639,42612,10,0,1,1,True,False,True,4,1,0
2023-05-30,leg,17639,42612,10,0,1,1,True,False,True,5,1,0
2023-05-30,leg,17639,42612,10,0,1,1,True,False,True,6,1,0
2023-05-30,leg,17639,42612,10,0,1,1,True,False,True,7,1,0
2023-05-30,leg,17639,42612,10,0,1,1,True,False,True,8,1,0
2023-05-30,leg,17639,42612,10,0,1,1,True,False,True,9,1,0
2023-05-30,leg,17639,42612,10,0,1,1,True,False,True,10,1,0
2023-05-30,leg,8708,28925,10,0,210,1,True,False,False,1,210,0
2023-05-30,leg,8708,28925,10,0,210,1,True,False,False,2,210,0
2023-05-30,leg,8708,28925,10,0,210,1,True,False,False,3,210,0
2023-05-30,leg,8708,28925,10,0,210,1,True,False,False,4,210,0
2023-05-30,leg,8708,28925,10,0,210,1,True,False,False,5,210,0
2023-05-30,leg,8708,28925,10,0,210,1,True,False,False,6,210,0
2023-05-30,leg,8708,28925,10,0,210,1,True,False,False,7,210,0
2023-05-30,leg,8708,28925,10,0,210,1,True,False,False,8,210,0
2023-05-30,leg,8708,28925,10,0,210,1,True,False,False,9,210,0
2023-05-30,leg,8708,28925,10,0,210,1,True,False,False,10,210,0
2023-05-30,leg,17639,209768,10,0,1,1,True,False,True,1,1,0
2023-05-30,leg,17639,209768,10,0,1,1,True,False,True,2,1,0
2023-05-30,leg,17639,209768,10,0,1,1,True,False,True,3,1,0
2023-05-30,leg,17639,209768,10,0,1,1,True,False,True,4,1,0
2023-05-30,leg,17639,209768,10,0,1,1,True,False,True,5,1,0
2023-05-30,leg,17639,209768,10,0,1,1,True,False,True,6,1,0
2023-05-30,leg,17639,209768,10,0,1,1,True,False,True,7,1,0
2023-05-30,leg,17639,209768,10,0,1,1,True,False,True,8,1,0
2023-05-30,leg,17639,209768,10,0,1,1,True,False,True,9,1,0
2023-05-30,leg,17639,209768,10,0,1,1,True,False,True,10,1,0
2023-05-30,leg,13097,17639,10,0,2,"1,2",True,False,True,1,2,0
2023-05-30,leg,13097,17639,10,0,2,"1,2",True,False,True,2,2,0
2023-05-30,leg,13097,17639,10,0,2,"1,2",True,False,True,3,2,0
2023-05-30,leg,13097,17639,10,0,2,"1,2",True,False,True,4,2,0
2023-05-30,leg,13097,17639,10,0,2,"1,2",True,False,True,5,2,0
2023-05-30,leg,13097,17639,10,0,2,"1,2",True,False,True,6,2,0
2023-05-30,leg,13097,17639,10,0,2,"1,2",True,False,True,7,2,0
2023-05-30,leg,13097,17639,10,0,2,"1,2",True,False,True,8,2,0
2023-05-30,leg,13097,17639,10,0,2,"1,2",True,False,True,9,2,0
2023-05-30,leg,13097,17639,10,0,2,"1,2",True,False,True,10,2,0
2023-05-30,leg,17639,63113,10,0,1,1,True,False,True,1,1,0
2023-05-30,leg,17639,63113,10,0,1,1,True,False,True,2,1,0
2023-05-30,leg,17639,63113,10,0,1,1,True,False,True,3,1,0
2023-05-30,leg,17639,63113,10,0,1,1,True,False,True,4,1,0
2023-05-30,leg,17639,63113,10,0,1,1,True,False,True,5,1,0
2023-05-30,leg,17639,63113,10,0,1,1,True,False,True,6,1,0
2023-05-30,leg,17639,63113,10,0,1,1,True,False,True,7,1,0
2023-05-30,leg,17639,63113,10,0,1,1,True,False,True,8,1,0
2023-05-30,leg,17639,63113,10,0,1,1,True,False,True,9,1,0
2023-05-30,leg,17639,63113,10,0,1,1,True,False,True,10,1,0
2023-05-30,leg,12835,17639,10,0,2,"1,2",True,False,True,1,2,0
2023-05-30,leg,12835,17639,10,0,2,"1,2",True,False,True,2,2,0
2023-05-30,leg,12835,17639,10,0,2,"1,2",True,False,True,3,2,0
2023-05-30,leg,12835,17639,10,0,2,"1,2",True,False,True,4,2,0
2023-05-30,leg,12835,17639,10,0,2,"1,2",True,False,True,5,2,0
2023-05-30,leg,12835,17639,10,0,2,"1,2",True,False,True,6,2,0
2023-05-30,leg,12835,17639,10,0,2,"1,2",True,False,True,7,2,0
2023-05-30,leg,12835,17639,10,0,2,"1,2",True,False,True,8,2,0
2023-05-30,leg,12835,17639,10,0,2,"1,2",True,False,True,9,2,0
2023-05-30,leg,12835,17639,10,0,2,"1,2",True,False,True,10,2,0
2023-05-30,leg,39120,202046,10,0,1,1,True,False,True,1,1,0
2023-05-30,leg,39120,202046,10,0,1,1,True,False,True,2,1,0
2023-05-30,leg,39120,202046,10,0,1,1,True,False,True,3,1,0
2023-05-30,leg,39120,202046,10,0,1,1,True,False,True,4,1,0
2023-05-30,leg,39120,202046,10,0,1,1,True,False,True,5,1,0
2023-05-30,leg,39120,202046,10,0,1,1,True,False,True,6,1,0
2023-05-30,leg,39120,202046,10,0,1,1,True,False,True,7,1,0
2023-05-30,leg,39120,202046,10,0,1,1,True,False,True,8,1,0
2023-05-30,leg,39120,202046,10,0,1,1,True,False,True,9,1,0
2023-05-30,leg,39120,202046,10,0,1,1,True,False,True,10,1,0
2023-05-30,leg,17639,60754,10,0,1,1,True,False,True,1,1,0
2023-05-30,leg,17639,60754,10,0,1,1,True,False,True,2,1,0
2023-05-30,leg,17639,60754,10,0,1,1,True,False,True,3,1,0
2023-05-30,leg,17639,60754,10,0,1,1,True,False,True,4,1,0
2023-05-30,leg,17639,60754,10,0,1,1,True,False,True,5,1,0
2023-05-30,leg,17639,60754,10,0,1,1,True,False,True,6,1,0
2023-05-30,leg,17639,60754,10,0,1,1,True,False,True,7,1,0
2023-05-30,leg,17639,60754,10,0,1,1,True,False,True,8,1,0
2023-05-30,leg,17639,60754,10,0,1,1,True,False,True,9,1,0
2023-05-30,leg,17639,60754,10,0,1,1,True,False,True,10,1,0
2023-05-30,leg,3267,43330,10,0,1,1,True,False,True,1,1,0
2023-05-30,leg,3267,43330,10,0,1,1,True,False,True,2,1,0
2023-05-30,leg,3267,43330,10,0,1,1,True,False,True,3,1,0
2023-05-30,leg,3267,43330,10,0,1,1,True,False,True,4,1,0
2023-05-30,leg,3267,43330,10,0,1,1,True,False,True,5,1,0
2023-05-30,leg,3267,43330,10,0,1,1,True,False,True,6,1,0
2023-05-30,leg,3267,43330,10,0,1,1,True,False,True,7,1,0
2023-05-30,leg,3267,43330,10,0,1,1,True,False,True,8,1,0
2023-05-30,leg,3267,43330,10,0,1,1,True,False,True,9,1,0
2023-05-30,leg,3267,43330,10,0,1,1,True,False,True,10,1,0
2023-05-30,leg,18101,136284,10,0,259,"1,2",True,False,False,1,259,0
2023-05-30,leg,18101,136284,10,0,259,"1,2",True,False,False,2,259,0
2023-05-30,leg,18101,136284,10,0,259,"1,2",True,False,False,3,259,0
2023-05-30,leg,18101,136284,10,0,259,"1,2",True,False,False,4,259,0
2023-05-30,leg,18101,136284,10,0,259,"1,2",True,False,False,5,259,0
2023-05-30,leg,18101,136284,10,0,259,"1,2",True,False,False,6,259,0
2023-05-30,leg,18101,136284,10,0,259,"1,2",True,False,False,7,259,0
2023-05-30,leg,18101,136284,10,0,259,"1,2",True,False,False,8,259,0
2023-05-30,leg,18101,136284,10,0,259,"1,2",True,False,False,9,259,0
2023-05-30,leg,18101,136284,10,0,259,"1,2",True,False,False,10,259,0
2023-05-30,leg,61595,268503,10,0,1,3,True,False,False,1,1,0
2023-05-30,leg,61595,268503,10,0,1,3,True,False,False,2,1,0
2023-05-30,leg,61595,268503,10,0,1,3,True,False,False,3,1,0
2023-05-30,leg,61595,268503,10,0,1,3,True,False,False,4,1,0
2023-05-30,leg,61595,268503,10,0,1,3,True,False,False,5,1,0
2023-05-30,leg,61595,268503,10,0,1,3,True,False,False,6,1,0
2023-05-30,leg,61595,268503,10,0,1,3,True,False,False,7,1,0
2023-05-30,leg,61595,268503,10,0,1,3,True,False,False,8,1,0
2023-05-30,leg,61595,268503,10,0,1,3,True,False,False,9,1,0
2023-05-30,leg,61595,268503,10,0,1,3,True,False,False,10,1,0
2023-05-30,leg,17639,61922,10,0,1,1,True,False,True,1,1,0
2023-05-30,leg,17639,61922,10,0,1,1,True,False,True,2,1,0
2023-05-30,leg,17639,61922,10,0,1,1,True,False,True,3,1,0
2023-05-30,leg,17639,61922,10,0,1,1,True,False,True,4,1,0
2023-05-30,leg,17639,61922,10,0,1,1,True,False,True,5,1,0
2023-05-30,leg,17639,61922,10,0,1,1,True,False,True,6,1,0
2023-05-30,leg,17639,61922,10,0,1,1,True,False,True,7,1,0
2023-05-30,leg,17639,61922,10,0,1,1,True,False,True,8,1,0
2023-05-30,leg,17639,61922,10,0,1,1,True,False,True,9,1,0
2023-05-30,leg,17639,61922,10,0,1,1,True,False,True,10,1,0
2023-05-30,leg,31500,197826,10,0,1,1,True,False,False,1,1,0
2023-05-30,leg,31500,197826,10,0,1,1,True,False,False,2,1,0
2023-05-30,leg,31500,197826,10,0,1,1,True,False,False,3,1,0
2023-05-30,leg,31500,197826,10,0,1,1,True,False,False,4,1,0
2023-05-30,leg,31500,197826,10,0,1,1,True,False,False,5,1,0
2023-05-30,leg,31500,197826,10,0,1,1,True,False,False,6,1,0
2023-05-30,leg,31500,197826,10,0,1,1,True,False,False,7,1,0
2023-05-30,leg,31500,197826,10,0,1,1,True,False,False,8,1,0
2023-05-30,leg,31500,197826,10,0,1,1,True,False,False,9,1,0
2023-05-30,leg,31500,197826,10,0,1,1,True,False,False,10,1,0
2023-05-30,leg,14907,62597,10,0,1,1,True,False,True,1,1,0
2023-05-30,leg,14907,62597,10,0,1,1,True,False,True,2,1,0
2023-05-30,leg,14907,62597,10,0,1,1,True,False,True,3,1,0
2023-05-30,leg,14907,62597,10,0,1,1,True,False,True,4,1,0
2023-05-30,leg,14907,62597,10,0,1,1,True,False,True,5,1,0
2023-05-30,leg,14907,62597,10,0,1,1,True,False,True,6,1,0
2023-05-30,leg,14907,62597,10,0,1,1,True,False,True,7,1,0
2023-05-30,leg,14907,62597,10,0,1,1,True,False,True,8,1,0
2023-05-30,leg,14907,62597,10,0,1,1,True,False,True,9,1,0
2023-05-30,leg,14907,62597,10,0,1,1,True,False,True,10,1,0
2023-05-30,leg,17639,204906,10,0,2,"1,2",True,False,True,1,2,0
2023-05-30,leg,17639,204906,10,0,2,"1,2",True,False,True,2,2,0
2023-05-30,leg,17639,204906,10,0,2,"1,2",True,False,True,3,2,0
2023-05-30,leg,17639,204906,10,0,2,"1,2",True,False,True,4,2,0
2023-05-30,leg,17639,204906,10,0,2,"1,2",True,False,True,5,2,0
2023-05-30,leg,17639,204906,10,0,2,"1,2",True,False,True,6,2,0
2023-05-30,leg,17639,204906,10,0,2,"1,2",True,False,True,7,2,0
2023-05-30,leg,17639,204906,10,0,2,"1,2",True,False,True,8,2,0
2023-05-30,leg,17639,204906,10,0,2,"1,2",True,False,True,9,2,0
2023-05-30,leg,17639,204906,10,0,2,"1,2",True,False,True,10,2,0
2023-05-30,leg,17639,211816,10,0,1,1,True,False,True,1,1,0
2023-05-30,leg,17639,211816,10,0,1,1,True,False,True,2,1,0
2023-05-30,leg,17639,211816,10,0,1,1,True,False,True,3,1,0
2023-05-30,leg,17639,211816,10,0,1,1,True,False,True,4,1,0
2023-05-30,leg,17639,211816,10,0,1,1,True,False,True,5,1,0
2023-05-30,leg,17639,211816,10,0,1,1,True,False,True,6,1,0
2023-05-30,leg,17639,211816,10,0,1,1,True,False,True,7,1,0
2023-05-30,leg,17639,211816,10,0,1,1,True,False,True,8,1,0
2023-05-30,leg,17639,211816,10,0,1,1,True,False,True,9,1,0
2023-05-30,leg,17639,211816,10,0,1,1,True,False,True,10,1,0
2023-05-30,leg,48763,57277,10,0,3,1,True,False,False,1,3,0
2023-05-30,leg,48763,57277,10,0,3,1,True,False,False,2,3,0
2023-05-30,leg,48763,57277,10,0,3,1,True,False,False,3,3,0
2023-05-30,leg,48763,57277,10,0,3,1,True,False,False,4,3,0
2023-05-30,leg,48763,57277,10,0,3,1,True,False,False,5,3,0
2023-05-30,leg,48763,57277,10,0,3,1,True,False,False,6,3,0
2023-05-30,leg,48763,57277,10,0,3,1,True,False,False,7,3,0
2023-05-30,leg,48763,57277,10,0,3,1,True,False,False,8,3,0
2023-05-30,leg,48763,57277,10,0,3,1,True,False,False,9,3,0
2023-05-30,leg,48763,57277,10,0,3,1,True,False,False,10,3,0
2023-05-30,leg,39120,50624,10,0,1,1,True,False,True,1,1,0
2023-05-30,leg,39120,50624,10,0,1,1,True,False,True,2,1,0
2023-05-30,leg,39120,50624,10,0,1,1,True,False,True,3,1,0
2023-05-30,leg,39120,50624,10,0,1,1,True,False,True,4,1,0
2023-05-30,leg,39120,50624,10,0,1,1,True,False,True,5,1,0
2023-05-30,leg,39120,50624,10,0,1,1,True,False,True,6,1,0
2023-05-30,leg,39120,50624,10,0,1,1,True,False,True,7,1,0
2023-05-30,leg,39120,50624,10,0,1,1,True,False,True,8,1,0
2023-05-30,leg,39120,50624,10,0,1,1,True,False,True,9,1,0
2023-05-30,leg,39120,50624,10,0,1,1,True,False,True,10,1,0
2023-05-30,leg,11921,37468,10,0,1,1,True,False,False,1,1,0
2023-05-30,leg,11921,37468,10,0,1,1,True,False,False,2,1,0
2023-05-30,leg,11921,37468,10,0,1,1,True,False,False,3,1,0
2023-05-30,leg,11921,37468,10,0,1,1,True,False,False,4,1,0
2023-05-30,leg,11921,37468,10,0,1,1,True,False,False,5,1,0
2023-05-30,leg,11921,37468,10,0,1,1,True,False,False,6,1,0
2023-05-30,leg,11921,37468,10,0,1,1,True,False,False,7,1,0
2023-05-30,leg,11921,37468,10,0,1,1,True,False,False,8,1,0
2023-05-30,leg,11921,37468,10,0,1,1,True,False,False,9,1,0
2023-05-30,leg,11921,37468,10,0,1,1,True,False,False,10,1,0
2023-05-30,leg,17639,199020,10,0,8,"1,2",True,False,True,1,8,0
2023-05-30,leg,17639,199020,10,0,8,"1,2",True,False,True,2,8,0
2023-05-30,leg,17639,199020,10,0,8,"1,2",True,False,True,3,8,0
2023-05-30,leg,17639,199020,10,0,8,"1,2",True,False,True,4,8,0
2023-05-30,leg,17639,199020,10,0,8,"1,2",True,False,True,5,8,0
2023-05-30,leg,17639,199020,10,0,8,"1,2",True,False,True,6,8,0
2023-05-30,leg,17639,199020,10,0,8,"1,2",True,False,True,7,8,0
2023-05-30,leg,17639,199020,10,0,8,"1,2",True,False,True,8,8,0
2023-05-30,leg,17639,199020,10,0,8,"1,2",True,False,True,9,8,0
2023-05-30,leg,17639,199020,10,0,8,"1,2",True,False,True,10,8,0
2023-05-30,leg,59239,136141,10,0,126,1,True,False,False,1,126,0
2023-05-30,leg,59239,136141,10,0,126,1,True,False,False,2,126,0
2023-05-30,leg,59239,136141,10,0,126,1,True,False,False,3,126,0
2023-05-30,leg,59239,136141,10,0,126,1,True,False,False,4,126,0
2023-05-30,leg,59239,136141,10,0,126,1,True,False,False,5,126,0
2023-05-30,leg,59239,136141,10,0,126,1,True,False,False,6,126,0
2023-05-30,leg,59239,136141,10,0,126,1,True,False,False,7,126,0
2023-05-30,leg,59239,136141,10,0,126,1,True,False,False,8,126,0
2023-05-30,leg,59239,136141,10,0,126,1,True,False,False,9,126,0
2023-05-30,leg,59239,136141,10,0,126,1,True,False,False,10,126,0
2023-05-30,leg,141911,147089,10,0,223,1,True,False,False,1,128,95
2023-05-30,leg,141911,147089,10,0,223,1,True,False,False,2,131,92
2023-05-30,leg,141911,147089,10,0,223,1,True,False,False,3,130,93
2023-05-30,leg,141911,147089,10,0,223,1,True,False,False,4,133,90
2023-05-30,leg,141911,147089,10,0,223,1,True,False,False,5,129,94
2023-05-30,leg,141911,147089,10,0,223,1,True,False,False,6,130,93
2023-05-30,leg,141911,147089,10,0,223,1,True,False,False,7,134,89
2023-05-30,leg,141911,147089,10,0,223,1,True,False,False,8,132,91
2023-05-30,leg,141911,147089,10,0,223,1,True,False,False,9,132,91
2023-05-30,leg,141911,147089,10,0,223,1,True,False,False,10,134,89
2023-05-30,leg,17639,204389,10,0,1,1,True,False,True,1,1,0
2023-05-30,leg,17639,204389,10,0,1,1,True,False,True,2,1,0
2023-05-30,leg,17639,204389,10,0,1,1,True,False,True,3,1,0
2023-05-30,leg,17639,204389,10,0,1,1,True,False,True,4,1,0
2023-05-30,leg,17639,204389,10,0,1,1,True,False,True,5,1,0
2023-05-30,leg,17639,204389,10,0,1,1,True,False,True,6,1,0
2023-05-30,leg,17639,204389,10,0,1,1,True,False,True,7,1,0
2023-05-30,leg,17639,204389,10,0,1,1,True,False,True,8,1,0
2023-05-30,leg,17639,204389,10,0,1,1,True,False,True,9,1,0
2023-05-30,leg,17639,204389,10,0,1,1,True,False,True,10,1,0
2023-05-30,leg,17639,21368,10,0,1,1,True,False,True,1,1,0
2023-05-30,leg,17639,21368,10,0,1,1,True,False,True,2,1,0
2023-05-30,leg,17639,21368,10,0,1,1,True,False,True,3,1,0
2023-05-30,leg,17639,21368,10,0,1,1,True,False,True,4,1,0
2023-05-30,leg,17639,21368,10,0,1,1,True,False,True,5,1,0
2023-05-30,leg,17639,21368,10,0,1,1,True,False,True,6,1,0
2023-05-30,leg,17639,21368,10,0,1,1,True,False,True,7,1,0
2023-05-30,leg,17639,21368,10,0,1,1,True,False,True,8,1,0
2023-05-30,leg,17639,21368,10,0,1,1,True,False,True,9,1,0
2023-05-30,leg,17639,21368,10,0,1,1,True,False,True,10,1,0
2023-05-30,leg,39120,268869,10,0,1,1,True,False,True,1,1,0
2023-05-30,leg,39120,268869,10,0,1,1,True,False,True,2,1,0
2023-05-30,leg,39120,268869,10,0,1,1,True,False,True,3,1,0
2023-05-30,leg,39120,268869,10,0,1,1,True,False,True,4,1,0
2023-05-30,leg,39120,268869,10,0,1,1,True,False,True,5,1,0
2023-05-30,leg,39120,268869,10,0,1,1,True,False,True,6,1,0
2023-05-30,leg,39120,268869,10,0,1,1,True,False,True,7,1,0
2023-05-30,leg,39120,268869,10,0,1,1,True,False,True,8,1,0
2023-05-30,leg,39120,268869,10,0,1,1,True,False,True,9,1,0
2023-05-30,leg,39120,268869,10,0,1,1,True,False,True,10,1,0
2023-05-30,leg,15544,17639,10,0,3,"1,2",True,False,True,1,3,0
2023-05-30,leg,15544,17639,10,0,3,"1,2",True,False,True,2,3,0
2023-05-30,leg,15544,17639,10,0,3,"1,2",True,False,True,3,3,0
2023-05-30,leg,15544,17639,10,0,3,"1,2",True,False,True,4,3,0
2023-05-30,leg,15544,17639,10,0,3,"1,2",True,False,True,5,3,0
2023-05-30,leg,15544,17639,10,0,3,"1,2",True,False,True,6,3,0
2023-05-30,leg,15544,17639,10,0,3,"1,2",True,False,True,7,3,0
2023-05-30,leg,15544,17639,10,0,3,"1,2",True,False,True,8,3,0
2023-05-30,leg,15544,17639,10,0,3,"1,2",True,False,True,9,3,0
2023-05-30,leg,15544,17639,10,0,3,"1,2",True,False,True,10,3,0
2023-05-30,leg,17639,57999,10,0,1,1,True,False,True,1,1,0
2023-05-30,leg,17639,57999,10,0,1,1,True,False,True,2,1,0
2023-05-30,leg,17639,57999,10,0,1,1,True,False,True,3,1,0
2023-05-30,leg,17639,57999,10,0,1,1,True,False,True,4,1,0
2023-05-30,leg,17639,57999,10,0,1,1,True,False,True,5,1,0
2023-05-30,leg,17639,57999,10,0,1,1,True,False,True,6,1,0
2023-05-30,leg,17639,57999,10,0,1,1,True,False,True,7,1,0
2023-05-30,leg,17639,57999,10,0,1,1,True,False,True,8,1,0
2023-05-30,leg,17639,57999,10,0,1,1,True,False,True,9,1,0
2023-05-30,leg,17639,57999,10,0,1,1,True,False,True,10,1,0
2023-05-30,leg,17639,263327,10,0,1,2,True,False,True,1,1,0
2023-05-30,leg,17639,263327,10,0,1,2,True,False,True,2,1,0
2023-05-30,leg,17639,263327,10,0,1,2,True,False,True,3,1,0
2023-05-30,leg,17639,263327,10,0,1,2,True,False,True,4,1,0
2023-05-30,leg,17639,263327,10,0,1,2,True,False,True,5,1,0
2023-05-30,leg,17639,263327,10,0,1,2,True,False,True,6,1,0
2023-05-30,leg,17639,263327,10,0,1,2,True,False,True,7,1,0
2023-05-30,leg,17639,263327,10,0,1,2,True,False,True,8,1,0
2023-05-30,leg,17639,263327,10,0,1,2,True,False,True,9,1,0
2023-05-30,leg,17639,263327,10,0,1,2,True,False,True,10,1,0
2023-05-30,leg,17639,44794,10,0,1,1,True,False,True,1,1,0
2023-05-30,leg,17639,44794,10,0,1,1,True,False,True,2,1,0
2023-05-30,leg,17639,44794,10,0,1,1,True,False,True,3,1,0
2023-05-30,leg,17639,44794,10,0,1,1,True,False,True,4,1,0
2023-05-30,leg,17639,44794,10,0,1,1,True,False,True,5,1,0
2023-05-30,leg,17639,44794,10,0,1,1,True,False,True,6,1,0
2023-05-30,leg,17639,44794,10,0,1,1,True,False,True,7,1,0
2023-05-30,leg,17639,44794,10,0,1,1,True,False,True,8,1,0
2023-05-30,leg,17639,44794,10,0,1,1,True,False,True,9,1,0
2023-05-30,leg,17639,44794,10,0,1,1,True,False,True,10,1,0
2023-05-30,leg,293,396000,10,0,1,1,True,False,True,1,1,0
2023-05-30,leg,293,396000,10,0,1,1,True,False,True,2,1,0
2023-05-30,leg,293,396000,10,0,1,1,True,False,True,3,1,0
2023-05-30,leg,293,396000,10,0,1,1,True,False,True,4,1,0
2023-05-30,leg,293,396000,10,0,1,1,True,False,True,5,1,0
2023-05-30,leg,293,396000,10,0,1,1,True,False,True,6,1,0
2023-05-30,leg,293,396000,10,0,1,1,True,False,True,7,1,0
2023-05-30,leg,293,396000,10,0,1,1,True,False,True,8,1,0
2023-05-30,leg,293,396000,10,0,1,1,True,False,True,9,1,0
2023-05-30,leg,293,396000,10,0,1,1,True,False,True,10,1,0
2023-05-30,leg,58052,212027,10,0,32,1,True,False,False,1,32,0
2023-05-30,leg,58052,212027,10,0,32,1,True,False,False,2,32,0
2023-05-30,leg,58052,212027,10,0,32,1,True,False,False,3,32,0
2023-05-30,leg,58052,212027,10,0,32,1,True,False,False,4,32,0
2023-05-30,leg,58052,212027,10,0,32,1,True,False,False,5,32,0
2023-05-30,leg,58052,212027,10,0,32,1,True,False,False,6,32,0
2023-05-30,leg,58052,212027,10,0,32,1,True,False,False,7,32,0
2023-05-30,leg,58052,212027,10,0,32,1,True,False,False,8,32,0
2023-05-30,leg,58052,212027,10,0,32,1,True,False,False,9,32,0
2023-05-30,leg,58052,212027,10,0,32,1,True,False,False,10,32,0
2023-05-30,leg,17639,205943,10,0,1,1,True,False,True,1,1,0
2023-05-30,leg,17639,205943,10,0,1,1,True,False,True,2,1,0
2023-05-30,leg,17639,205943,10,0,1,1,True,False,True,3,1,0
2023-05-30,leg,17639,205943,10,0,1,1,True,False,True,4,1,0
2023-05-30,leg,17639,205943,10,0,1,1,True,False,True,5,1,0
2023-05-30,leg,17639,205943,10,0,1,1,True,False,True,6,1,0
2023-05-30,leg,17639,205943,10,0,1,1,True,False,True,7,1,0
2023-05-30,leg,17639,205943,10,0,1,1,True,False,True,8,1,0
2023-05-30,leg,17639,205943,10,0,1,1,True,False,True,9,1,0
2023-05-30,leg,17639,205943,10,0,1,1,True,False,True,10,1,0
2023-05-30,leg,58704,147070,10,0,162,"1,2",False,False,False,1,137,25
2023-05-30,leg,58704,147070,10,0,162,"1,2",False,False,False,2,137,25
2023-05-30,leg,58704,147070,10,0,162,"1,2",False,False,False,3,137,25
2023-05-30,leg,58704,147070,10,0,162,"1,2",False,False,False,4,137,25
2023-05-30,leg,58704,147070,10,0,162,"1,2",False,False,False,5,137,25
2023-05-30,leg,58704,147070,10,0,162,"1,2",False,False,False,6,137,25
2023-05-30,leg,58704,147070,10,0,162,"1,2",False,False,False,7,137,25
2023-05-30,leg,58704,147070,10,0,162,"1,2",False,False,False,8,138,24
2023-05-30,leg,58704,147070,10,0,162,"1,2",False,False,False,9,137,25
2023-05-30,leg,58704,147070,10,0,162,"1,2",False,False,False,10,137,25
2023-05-30,leg,293,43500,10,0,1,1,True,False,True,1,1,0
2023-05-30,leg,293,43500,10,0,1,1,True,False,True,2,1,0
2023-05-30,leg,293,43500,10,0,1,1,True,False,True,3,1,0
2023-05-30,leg,293,43500,10,0,1,1,True,False,True,4,1,0
2023-05-30,leg,293,43500,10,0,1,1,True,False,True,5,1,0
2023-05-30,leg,293,43500,10,0,1,1,True,False,True,6,1,0
2023-05-30,leg,293,43500,10,0,1,1,True,False,True,7,1,0
2023-05-30,leg,293,43500,10,0,1,1,True,False,True,8,1,0
2023-05-30,leg,293,43500,10,0,1,1,True,False,True,9,1,0
2023-05-30,leg,293,43500,10,0,1,1,True,False,True,10,1,0
2023-05-30,leg,293,11191,10,0,1,1,True,False,True,1,1,0
2023-05-30,leg,293,11191,10,0,1,1,True,False,True,2,1,0
2023-05-30,leg,293,11191,10,0,1,1,True,False,True,3,1,0
2023-05-30,leg,293,11191,10,0,1,1,True,False,True,4,1,0
2023-05-30,leg,293,11191,10,0,1,1,True,False,True,5,1,0
2023-05-30,leg,293,11191,10,0,1,1,True,False,True,6,1,0
2023-05-30,leg,293,11191,10,0,1,1,True,False,True,7,1,0
2023-05-30,leg,293,11191,10,0,1,1,True,False,True,8,1,0
2023-05-30,leg,293,11191,10,0,1,1,True,False,True,9,1,0
2023-05-30,leg,293,11191,10,0,1,1,True,False,True,10,1,0
2023-05-30,leg,17639,212974,10,0,1,1,True,False,True,1,1,0
2023-05-30,leg,17639,212974,10,0,1,1,True,False,True,2,1,0
2023-05-30,leg,17639,212974,10,0,1,1,True,False,True,3,1,0
2023-05-30,leg,17639,212974,10,0,1,1,True,False,True,4,1,0
2023-05-30,leg,17639,212974,10,0,1,1,True,False,True,5,1,0
2023-05-30,leg,17639,212974,10,0,1,1,True,False,True,6,1,0
2023-05-30,leg,17639,212974,10,0,1,1,True,False,True,7,1,0
2023-05-30,leg,17639,212974,10,0,1,1,True,False,True,8,1,0
2023-05-30,leg,17639,212974,10,0,1,1,True,False,True,9,1,0
2023-05-30,leg,17639,212974,10,0,1,1,True,False,True,10,1,0
2023-05-30,leg,17639,201225,10,0,1,1,True,False,True,1,1,0
2023-05-30,leg,17639,201225,10,0,1,1,True,False,True,2,1,0
2023-05-30,leg,17639,201225,10,0,1,1,True,False,True,3,1,0
2023-05-30,leg,17639,201225,10,0,1,1,True,False,True,4,1,0
2023-05-30,leg,17639,201225,10,0,1,1,True,False,True,5,1,0
2023-05-30,leg,17639,201225,10,0,1,1,True,False,True,6,1,0
2023-05-30,leg,17639,201225,10,0,1,1,True,False,True,7,1,0
2023-05-30,leg,17639,201225,10,0,1,1,True,False,True,8,1,0
2023-05-30,leg,17639,201225,10,0,1,1,True,False,True,9,1,0
2023-05-30,leg,17639,201225,10,0,1,1,True,False,True,10,1,0
2023-05-30,leg,17639,210350,10,0,1,1,True,False,True,1,1,0
2023-05-30,leg,17639,210350,10,0,1,1,True,False,True,2,1,0
2023-05-30,leg,17639,210350,10,0,1,1,True,False,True,3,1,0
2023-05-30,leg,17639,210350,10,0,1,1,True,False,True,4,1,0
2023-05-30,leg,17639,210350,10,0,1,1,True,False,True,5,1,0
2023-05-30,leg,17639,210350,10,0,1,1,True,False,True,6,1,0
2023-05-30,leg,17639,210350,10,0,1,1,True,False,True,7,1,0
2023-05-30,leg,17639,210350,10,0,1,1,True,False,True,8,1,0
2023-05-30,leg,17639,210350,10,0,1,1,True,False,True,9,1,0
2023-05-30,leg,17639,210350,10,0,1,1,True,False,True,10,1,0
2023-05-30,leg,28368,268076,10,0,1,1,True,False,False,1,1,0
2023-05-30,leg,28368,268076,10,0,1,1,True,False,False,2,1,0
2023-05-30,leg,28368,268076,10,0,1,1,True,False,False,3,1,0
2023-05-30,leg,28368,268076,10,0,1,1,True,False,False,4,1,0
2023-05-30,leg,28368,268076,10,0,1,1,True,False,False,5,1,0
2023-05-30,leg,28368,268076,10,0,1,1,True,False,False,6,1,0
2023-05-30,leg,28368,268076,10,0,1,1,True,False,False,7,1,0
2023-05-30,leg,28368,268076,10,0,1,1,True,False,False,8,1,0
2023-05-30,leg,28368,268076,10,0,1,1,True,False,False,9,1,0
2023-05-30,leg,28368,268076,10,0,1,1,True,False,False,10,1,0
2023-05-30,leg,17639,34599,10,0,1,1,True,False,True,1,1,0
2023-05-30,leg,17639,34599,10,0,1,1,True,False,True,2,1,0
2023-05-30,leg,17639,34599,10,0,1,1,True,False,True,3,1,0
2023-05-30,leg,17639,34599,10,0,1,1,True,False,True,4,1,0
2023-05-30,leg,17639,34599,10,0,1,1,True,False,True,5,1,0
2023-05-30,leg,17639,34599,10,0,1,1,True,False,True,6,1,0
2023-05-30,leg,17639,34599,10,0,1,1,True,False,True,7,1,0
2023-05-30,leg,17639,34599,10,0,1,1,True,False,True,8,1,0
2023-05-30,leg,17639,34599,10,0,1,1,True,False,True,9,1,0
2023-05-30,leg,17639,34599,10,0,1,1,True,False,True,10,1,0
2023-05-30,leg,17639,29086,10,0,1,1,True,False,True,1,1,0
2023-05-30,leg,17639,29086,10,0,1,1,True,False,True,2,1,0
2023-05-30,leg,17639,29086,10,0,1,1,True,False,True,3,1,0
2023-05-30,leg,17639,29086,10,0,1,1,True,False,True,4,1,0
2023-05-30,leg,17639,29086,10,0,1,1,True,False,True,5,1,0
2023-05-30,leg,17639,29086,10,0,1,1,True,False,True,6,1,0
2023-05-30,leg,17639,29086,10,0,1,1,True,False,True,7,1,0
2023-05-30,leg,17639,29086,10,0,1,1,True,False,True,8,1,0
2023-05-30,leg,17639,29086,10,0,1,1,True,False,True,9,1,0
2023-05-30,leg,17639,29086,10,0,1,1,True,False,True,10,1,0
2023-05-30,leg,17639,57050,10,0,1,1,True,False,True,1,1,0
2023-05-30,leg,17639,57050,10,0,1,1,True,False,True,2,1,0
2023-05-30,leg,17639,57050,10,0,1,1,True,False,True,3,1,0
2023-05-30,leg,17639,57050,10,0,1,1,True,False,True,4,1,0
2023-05-30,leg,17639,57050,10,0,1,1,True,False,True,5,1,0
2023-05-30,leg,17639,57050,10,0,1,1,True,False,True,6,1,0
2023-05-30,leg,17639,57050,10,0,1,1,True,False,True,7,1,0
2023-05-30,leg,17639,57050,10,0,1,1,True,False,True,8,1,0
2023-05-30,leg,17639,57050,10,0,1,1,True,False,True,9,1,0
2023-05-30,leg,17639,57050,10,0,1,1,True,False,True,10,1,0
2023-05-30,leg,59605,206446,10,0,1,1,True,False,True,1,1,0
2023-05-30,leg,59605,206446,10,0,1,1,True,False,True,2,1,0
2023-05-30,leg,59605,206446,10,0,1,1,True,False,True,3,1,0
2023-05-30,leg,59605,206446,10,0,1,1,True,False,True,4,1,0
2023-05-30,leg,59605,206446,10,0,1,1,True,False,True,5,1,0
2023-05-30,leg,59605,206446,10,0,1,1,True,False,True,6,1,0
2023-05-30,leg,59605,206446,10,0,1,1,True,False,True,7,1,0
2023-05-30,leg,59605,206446,10,0,1,1,True,False,True,8,1,0
2023-05-30,leg,59605,206446,10,0,1,1,True,False,True,9,1,0
2023-05-30,leg,59605,206446,10,0,1,1,True,False,True,10,1,0
2023-05-30,leg,17639,43989,10,0,2,"1,2",True,False,True,1,2,0
2023-05-30,leg,17639,43989,10,0,2,"1,2",True,False,True,2,2,0
2023-05-30,leg,17639,43989,10,0,2,"1,2",True,False,True,3,2,0
2023-05-30,leg,17639,43989,10,0,2,"1,2",True,False,True,4,2,0
2023-05-30,leg,17639,43989,10,0,2,"1,2",True,False,True,5,2,0
2023-05-30,leg,17639,43989,10,0,2,"1,2",True,False,True,6,2,0
2023-05-30,leg,17639,43989,10,0,2,"1,2",True,False,True,7,2,0
2023-05-30,leg,17639,43989,10,0,2,"1,2",True,False,True,8,2,0
2023-05-30,leg,17639,43989,10,0,2,"1,2",True,False,True,9,2,0
2023-05-30,leg,17639,43989,10,0,2,"1,2",True,False,True,10,2,0
2023-05-30,leg,50624,50628,10,0,1,1,True,False,True,1,1,0
2023-05-30,leg,50624,50628,10,0,1,1,True,False,True,2,1,0
2023-05-30,leg,50624,50628,10,0,1,1,True,False,True,3,1,0
2023-05-30,leg,50624,50628,10,0,1,1,True,False,True,4,1,0
2023-05-30,leg,50624,50628,10,0,1,1,True,False,True,5,1,0
2023-05-30,leg,50624,50628,10,0,1,1,True,False,True,6,1,0
2023-05-30,leg,50624,50628,10,0,1,1,True,False,True,7,1,0
2023-05-30,leg,50624,50628,10,0,1,1,True,False,True,8,1,0
2023-05-30,leg,50624,50628,10,0,1,1,True,False,True,9,1,0
2023-05-30,leg,50624,50628,10,0,1,1,True,False,True,10,1,0
2023-05-30,leg,8518,17639,10,0,1,1,True,False,True,1,1,0
2023-05-30,leg,8518,17639,10,0,1,1,True,False,True,2,1,0
2023-05-30,leg,8518,17639,10,0,1,1,True,False,True,3,1,0
2023-05-30,leg,8518,17639,10,0,1,1,True,False,True,4,1,0
2023-05-30,leg,8518,17639,10,0,1,1,True,False,True,5,1,0
2023-05-30,leg,8518,17639,10,0,1,1,True,False,True,6,1,0
2023-05-30,leg,8518,17639,10,0,1,1,True,False,True,7,1,0
2023-05-30,leg,8518,17639,10,0,1,1,True,False,True,8,1,0
2023-05-30,leg,8518,17639,10,0,1,1,True,False,True,9,1,0
2023-05-30,leg,8518,17639,10,0,1,1,True,False,True,10,1,0
2023-05-30,leg,39791,47232,10,0,50,"1,2",True,False,False,1,50,0
2023-05-30,leg,39791,47232,10,0,50,"1,2",True,False,False,2,50,0
2023-05-30,leg,39791,47232,10,0,50,"1,2",True,False,False,3,50,0
2023-05-30,leg,39791,47232,10,0,50,"1,2",True,False,False,4,50,0
2023-05-30,leg,39791,47232,10,0,50,"1,2",True,False,False,5,50,0
2023-05-30,leg,39791,47232,10,0,50,"1,2",True,False,False,6,50,0
2023-05-30,leg,39791,47232,10,0,50,"1,2",True,False,False,7,50,0
2023-05-30,leg,39791,47232,10,0,50,"1,2",True,False,False,8,50,0
2023-05-30,leg,39791,47232,10,0,50,"1,2",True,False,False,9,50,0
2023-05-30,leg,39791,47232,10,0,50,"1,2",True,False,False,10,50,0
2023-05-30,leg,15497,17639,10,0,3,"1,2,3",True,False,True,1,3,0
2023-05-30,leg,15497,17639,10,0,3,"1,2,3",True,False,True,2,3,0
2023-05-30,leg,15497,17639,10,0,3,"1,2,3",True,False,True,3,3,0
2023-05-30,leg,15497,17639,10,0,3,"1,2,3",True,False,True,4,3,0
2023-05-30,leg,15497,17639,10,0,3,"1,2,3",True,False,True,5,3,0
2023-05-30,leg,15497,17639,10,0,3,"1,2,3",True,False,True,6,3,0
2023-05-30,leg,15497,17639,10,0,3,"1,2,3",True,False,True,7,3,0
2023-05-30,leg,15497,17639,10,0,3,"1,2,3",True,False,True,8,3,0
2023-05-30,leg,15497,17639,10,0,3,"1,2,3",True,False,True,9,3,0
2023-05-30,leg,15497,17639,10,0,3,"1,2,3",True,False,True,10,3,0
2023-05-30,leg,4764,55944,10,0,1,1,True,False,False,1,1,0
2023-05-30,leg,4764,55944,10,0,1,1,True,False,False,2,1,0
2023-05-30,leg,4764,55944,10,0,1,1,True,False,False,3,1,0
2023-05-30,leg,4764,55944,10,0,1,1,True,False,False,4,1,0
2023-05-30,leg,4764,55944,10,0,1,1,True,False,False,5,1,0
2023-05-30,leg,4764,55944,10,0,1,1,True,False,False,6,1,0
2023-05-30,leg,4764,55944,10,0,1,1,True,False,False,7,1,0
2023-05-30,leg,4764,55944,10,0,1,1,True,False,False,8,1,0
2023-05-30,leg,4764,55944,10,0,1,1,True,False,False,9,1,0
2023-05-30,leg,4764,55944,10,0,1,1,True,False,False,10,1,0
2023-05-30,leg,3356,272618,10,0,334,"1,2",True,False,False,1,211,123
2023-05-30,leg,3356,272618,10,0,334,"1,2",True,False,False,2,212,122
2023-05-30,leg,3356,272618,10,0,334,"1,2",True,False,False,3,212,122
2023-05-30,leg,3356,272618,10,0,334,"1,2",True,False,False,4,212,122
2023-05-30,leg,3356,272618,10,0,334,"1,2",True,False,False,5,212,122
2023-05-30,leg,3356,272618,10,0,334,"1,2",True,False,False,6,212,122
2023-05-30,leg,3356,272618,10,0,334,"1,2",True,False,False,7,212,122
2023-05-30,leg,3356,272618,10,0,334,"1,2",True,False,False,8,212,122
2023-05-30,leg,3356,272618,10,0,334,"1,2",True,False,False,9,212,122
2023-05-30,leg,3356,272618,10,0,334,"1,2",True,False,False,10,212,122
2023-05-30,leg,17639,47408,10,0,1,1,True,False,True,1,1,0
2023-05-30,leg,17639,47408,10,0,1,1,True,False,True,2,1,0
2023-05-30,leg,17639,47408,10,0,1,1,True,False,True,3,1,0
2023-05-30,leg,17639,47408,10,0,1,1,True,False,True,4,1,0
2023-05-30,leg,17639,47408,10,0,1,1,True,False,True,5,1,0
2023-05-30,leg,17639,47408,10,0,1,1,True,False,True,6,1,0
2023-05-30,leg,17639,47408,10,0,1,1,True,False,True,7,1,0
2023-05-30,leg,17639,47408,10,0,1,1,True,False,True,8,1,0
2023-05-30,leg,17639,47408,10,0,1,1,True,False,True,9,1,0
2023-05-30,leg,17639,47408,10,0,1,1,True,False,True,10,1,0
2023-05-30,leg,41327,50624,10,0,2,1,True,False,False,1,2,0
2023-05-30,leg,41327,50624,10,0,2,1,True,False,False,2,2,0
2023-05-30,leg,41327,50624,10,0,2,1,True,False,False,3,2,0
2023-05-30,leg,41327,50624,10,0,2,1,True,False,False,4,2,0
2023-05-30,leg,41327,50624,10,0,2,1,True,False,False,5,2,0
2023-05-30,leg,41327,50624,10,0,2,1,True,False,False,6,2,0
2023-05-30,leg,41327,50624,10,0,2,1,True,False,False,7,2,0
2023-05-30,leg,41327,50624,10,0,2,1,True,False,False,8,2,0
2023-05-30,leg,41327,50624,10,0,2,1,True,False,False,9,2,0
2023-05-30,leg,41327,50624,10,0,2,1,True,False,False,10,2,0
2023-05-30,leg,41033,50263,10,0,51,"1,2,3",False,False,False,1,48,3
2023-05-30,leg,41033,50263,10,0,51,"1,2,3",False,False,False,2,49,2
2023-05-30,leg,41033,50263,10,0,51,"1,2,3",False,False,False,3,49,2
2023-05-30,leg,41033,50263,10,0,51,"1,2,3",False,False,False,4,49,2
2023-05-30,leg,41033,50263,10,0,51,"1,2,3",False,False,False,5,49,2
2023-05-30,leg,41033,50263,10,0,51,"1,2,3",False,False,False,6,49,2
2023-05-30,leg,41033,50263,10,0,51,"1,2,3",False,False,False,7,49,2
2023-05-30,leg,41033,50263,10,0,51,"1,2,3",False,False,False,8,49,2
2023-05-30,leg,41033,50263,10,0,51,"1,2,3",False,False,False,9,49,2
2023-05-30,leg,41033,50263,10,0,51,"1,2,3",False,False,False,10,49,2
2023-05-30,leg,8412,201108,10,0,17,1,True,False,False,1,17,0
2023-05-30,leg,8412,201108,10,0,17,1,True,False,False,2,17,0
2023-05-30,leg,8412,201108,10,0,17,1,True,False,False,3,17,0
2023-05-30,leg,8412,201108,10,0,17,1,True,False,False,4,17,0
2023-05-30,leg,8412,201108,10,0,17,1,True,False,False,5,17,0
2023-05-30,leg,8412,201108,10,0,17,1,True,False,False,6,17,0
2023-05-30,leg,8412,201108,10,0,17,1,True,False,False,7,17,0
2023-05-30,leg,8412,201108,10,0,17,1,True,False,False,8,17,0
2023-05-30,leg,8412,201108,10,0,17,1,True,False,False,9,17,0
2023-05-30,leg,8412,201108,10,0,17,1,True,False,False,10,17,0
2023-05-30,leg,49176,50629,10,0,1,1,True,False,True,1,1,0
2023-05-30,leg,49176,50629,10,0,1,1,True,False,True,2,1,0
2023-05-30,leg,49176,50629,10,0,1,1,True,False,True,3,1,0
2023-05-30,leg,49176,50629,10,0,1,1,True,False,True,4,1,0
2023-05-30,leg,49176,50629,10,0,1,1,True,False,True,5,1,0
2023-05-30,leg,49176,50629,10,0,1,1,True,False,True,6,1,0
2023-05-30,leg,49176,50629,10,0,1,1,True,False,True,7,1,0
2023-05-30,leg,49176,50629,10,0,1,1,True,False,True,8,1,0
2023-05-30,leg,49176,50629,10,0,1,1,True,False,True,9,1,0
2023-05-30,leg,49176,50629,10,0,1,1,True,False,True,10,1,0
2023-05-30,leg,41327,266160,10,0,15,"1,2",True,False,False,1,12,3
2023-05-30,leg,41327,266160,10,0,15,"1,2",True,False,False,2,12,3
2023-05-30,leg,41327,266160,10,0,15,"1,2",True,False,False,3,13,2
2023-05-30,leg,41327,266160,10,0,15,"1,2",True,False,False,4,15,0
2023-05-30,leg,41327,266160,10,0,15,"1,2",True,False,False,5,15,0
2023-05-30,leg,41327,266160,10,0,15,"1,2",True,False,False,6,15,0
2023-05-30,leg,41327,266160,10,0,15,"1,2",True,False,False,7,15,0
2023-05-30,leg,41327,266160,10,0,15,"1,2",True,False,False,8,15,0
2023-05-30,leg,41327,266160,10,0,15,"1,2",True,False,False,9,15,0
2023-05-30,leg,41327,266160,10,0,15,"1,2",True,False,False,10,15,0
2023-05-30,leg,17639,57966,10,0,1,1,True,False,True,1,1,0
2023-05-30,leg,17639,57966,10,0,1,1,True,False,True,2,1,0
2023-05-30,leg,17639,57966,10,0,1,1,True,False,True,3,1,0
2023-05-30,leg,17639,57966,10,0,1,1,True,False,True,4,1,0
2023-05-30,leg,17639,57966,10,0,1,1,True,False,True,5,1,0
2023-05-30,leg,17639,57966,10,0,1,1,True,False,True,6,1,0
2023-05-30,leg,17639,57966,10,0,1,1,True,False,True,7,1,0
2023-05-30,leg,17639,57966,10,0,1,1,True,False,True,8,1,0
2023-05-30,leg,17639,57966,10,0,1,1,True,False,True,9,1,0
2023-05-30,leg,17639,57966,10,0,1,1,True,False,True,10,1,0
2023-05-30,leg,17639,262535,10,0,1,1,True,False,True,1,1,0
2023-05-30,leg,17639,262535,10,0,1,1,True,False,True,2,1,0
2023-05-30,leg,17639,262535,10,0,1,1,True,False,True,3,1,0
2023-05-30,leg,17639,262535,10,0,1,1,True,False,True,4,1,0
2023-05-30,leg,17639,262535,10,0,1,1,True,False,True,5,1,0
2023-05-30,leg,17639,262535,10,0,1,1,True,False,True,6,1,0
2023-05-30,leg,17639,262535,10,0,1,1,True,False,True,7,1,0
2023-05-30,leg,17639,262535,10,0,1,1,True,False,True,8,1,0
2023-05-30,leg,17639,262535,10,0,1,1,True,False,True,9,1,0
2023-05-30,leg,17639,262535,10,0,1,1,True,False,True,10,1,0
2023-05-30,leg,17639,44002,10,0,1,1,True,False,True,1,1,0
2023-05-30,leg,17639,44002,10,0,1,1,True,False,True,2,1,0
2023-05-30,leg,17639,44002,10,0,1,1,True,False,True,3,1,0
2023-05-30,leg,17639,44002,10,0,1,1,True,False,True,4,1,0
2023-05-30,leg,17639,44002,10,0,1,1,True,False,True,5,1,0
2023-05-30,leg,17639,44002,10,0,1,1,True,False,True,6,1,0
2023-05-30,leg,17639,44002,10,0,1,1,True,False,True,7,1,0
2023-05-30,leg,17639,44002,10,0,1,1,True,False,True,8,1,0
2023-05-30,leg,17639,44002,10,0,1,1,True,False,True,9,1,0
2023-05-30,leg,17639,44002,10,0,1,1,True,False,True,10,1,0
2023-05-30,leg,52405,265653,10,0,73,1,True,False,False,1,73,0
2023-05-30,leg,52405,265653,10,0,73,1,True,False,False,2,73,0
2023-05-30,leg,52405,265653,10,0,73,1,True,False,False,3,73,0
2023-05-30,leg,52405,265653,10,0,73,1,True,False,False,4,73,0
2023-05-30,leg,52405,265653,10,0,73,1,True,False,False,5,73,0
2023-05-30,leg,52405,265653,10,0,73,1,True,False,False,6,73,0
2023-05-30,leg,52405,265653,10,0,73,1,True,False,False,7,73,0
2023-05-30,leg,52405,265653,10,0,73,1,True,False,False,8,73,0
2023-05-30,leg,52405,265653,10,0,73,1,True,False,False,9,73,0
2023-05-30,leg,52405,265653,10,0,73,1,True,False,False,10,73,0
2023-05-30,leg,51088,266160,10,0,10,"1,2",False,False,True,1,10,0
2023-05-30,leg,51088,266160,10,0,10,"1,2",False,False,True,2,10,0
2023-05-30,leg,51088,266160,10,0,10,"1,2",False,False,True,3,10,0
2023-05-30,leg,51088,266160,10,0,10,"1,2",False,False,True,4,10,0
2023-05-30,leg,51088,266160,10,0,10,"1,2",False,False,True,5,10,0
2023-05-30,leg,51088,266160,10,0,10,"1,2",False,False,True,6,10,0
2023-05-30,leg,51088,266160,10,0,10,"1,2",False,False,True,7,10,0
2023-05-30,leg,51088,266160,10,0,10,"1,2",False,False,True,8,10,0
2023-05-30,leg,51088,266160,10,0,10,"1,2",False,False,True,9,10,0
2023-05-30,leg,51088,266160,10,0,10,"1,2",False,False,True,10,10,0
2023-05-30,leg,17639,29449,10,0,1,1,True,False,True,1,1,0
2023-05-30,leg,17639,29449,10,0,1,1,True,False,True,2,1,0
2023-05-30,leg,17639,29449,10,0,1,1,True,False,True,3,1,0
2023-05-30,leg,17639,29449,10,0,1,1,True,False,True,4,1,0
2023-05-30,leg,17639,29449,10,0,1,1,True,False,True,5,1,0
2023-05-30,leg,17639,29449,10,0,1,1,True,False,True,6,1,0
2023-05-30,leg,17639,29449,10,0,1,1,True,False,True,7,1,0
2023-05-30,leg,17639,29449,10,0,1,1,True,False,True,8,1,0
2023-05-30,leg,17639,29449,10,0,1,1,True,False,True,9,1,0
2023-05-30,leg,17639,29449,10,0,1,1,True,False,True,10,1,0
2023-05-30,leg,17639,43858,10,0,1,1,True,False,True,1,1,0
2023-05-30,leg,17639,43858,10,0,1,1,True,False,True,2,1,0
2023-05-30,leg,17639,43858,10,0,1,1,True,False,True,3,1,0
2023-05-30,leg,17639,43858,10,0,1,1,True,False,True,4,1,0
2023-05-30,leg,17639,43858,10,0,1,1,True,False,True,5,1,0
2023-05-30,leg,17639,43858,10,0,1,1,True,False,True,6,1,0
2023-05-30,leg,17639,43858,10,0,1,1,True,False,True,7,1,0
2023-05-30,leg,17639,43858,10,0,1,1,True,False,True,8,1,0
2023-05-30,leg,17639,43858,10,0,1,1,True,False,True,9,1,0
2023-05-30,leg,17639,43858,10,0,1,1,True,False,True,10,1,0
2023-05-30,leg,17639,202347,10,0,1,1,True,False,True,1,1,0
2023-05-30,leg,17639,202347,10,0,1,1,True,False,True,2,1,0
2023-05-30,leg,17639,202347,10,0,1,1,True,False,True,3,1,0
2023-05-30,leg,17639,202347,10,0,1,1,True,False,True,4,1,0
2023-05-30,leg,17639,202347,10,0,1,1,True,False,True,5,1,0
2023-05-30,leg,17639,202347,10,0,1,1,True,False,True,6,1,0
2023-05-30,leg,17639,202347,10,0,1,1,True,False,True,7,1,0
2023-05-30,leg,17639,202347,10,0,1,1,True,False,True,8,1,0
2023-05-30,leg,17639,202347,10,0,1,1,True,False,True,9,1,0
2023-05-30,leg,17639,202347,10,0,1,1,True,False,True,10,1,0
2023-05-30,leg,17639,42546,10,0,1,1,True,False,True,1,1,0
2023-05-30,leg,17639,42546,10,0,1,1,True,False,True,2,1,0
2023-05-30,leg,17639,42546,10,0,1,1,True,False,True,3,1,0
2023-05-30,leg,17639,42546,10,0,1,1,True,False,True,4,1,0
2023-05-30,leg,17639,42546,10,0,1,1,True,False,True,5,1,0
2023-05-30,leg,17639,42546,10,0,1,1,True,False,True,6,1,0
2023-05-30,leg,17639,42546,10,0,1,1,True,False,True,7,1,0
2023-05-30,leg,17639,42546,10,0,1,1,True,False,True,8,1,0
2023-05-30,leg,17639,42546,10,0,1,1,True,False,True,9,1,0
2023-05-30,leg,17639,42546,10,0,1,1,True,False,True,10,1,0
2023-05-30,leg,17639,42402,10,0,1,1,True,False,True,1,1,0
2023-05-30,leg,17639,42402,10,0,1,1,True,False,True,2,1,0
2023-05-30,leg,17639,42402,10,0,1,1,True,False,True,3,1,0
2023-05-30,leg,17639,42402,10,0,1,1,True,False,True,4,1,0
2023-05-30,leg,17639,42402,10,0,1,1,True,False,True,5,1,0
2023-05-30,leg,17639,42402,10,0,1,1,True,False,True,6,1,0
2023-05-30,leg,17639,42402,10,0,1,1,True,False,True,7,1,0
2023-05-30,leg,17639,42402,10,0,1,1,True,False,True,8,1,0
2023-05-30,leg,17639,42402,10,0,1,1,True,False,True,9,1,0
2023-05-30,leg,17639,42402,10,0,1,1,True,False,True,10,1,0
2023-05-30,leg,9848,38667,10,0,1,1,True,False,False,1,1,0
2023-05-30,leg,9848,38667,10,0,1,1,True,False,False,2,1,0
2023-05-30,leg,9848,38667,10,0,1,1,True,False,False,3,1,0
2023-05-30,leg,9848,38667,10,0,1,1,True,False,False,4,1,0
2023-05-30,leg,9848,38667,10,0,1,1,True,False,False,5,1,0
2023-05-30,leg,9848,38667,10,0,1,1,True,False,False,6,1,0
2023-05-30,leg,9848,38667,10,0,1,1,True,False,False,7,1,0
2023-05-30,leg,9848,38667,10,0,1,1,True,False,False,8,1,0
2023-05-30,leg,9848,38667,10,0,1,1,True,False,False,9,1,0
2023-05-30,leg,9848,38667,10,0,1,1,True,False,False,10,1,0
2023-05-30,leg,17639,203551,10,0,1,1,True,False,True,1,1,0
2023-05-30,leg,17639,203551,10,0,1,1,True,False,True,2,1,0
2023-05-30,leg,17639,203551,10,0,1,1,True,False,True,3,1,0
2023-05-30,leg,17639,203551,10,0,1,1,True,False,True,4,1,0
2023-05-30,leg,17639,203551,10,0,1,1,True,False,True,5,1,0
2023-05-30,leg,17639,203551,10,0,1,1,True,False,True,6,1,0
2023-05-30,leg,17639,203551,10,0,1,1,True,False,True,7,1,0
2023-05-30,leg,17639,203551,10,0,1,1,True,False,True,8,1,0
2023-05-30,leg,17639,203551,10,0,1,1,True,False,True,9,1,0
2023-05-30,leg,17639,203551,10,0,1,1,True,False,True,10,1,0
2023-05-30,leg,17639,42667,10,0,1,1,True,False,True,1,1,0
2023-05-30,leg,17639,42667,10,0,1,1,True,False,True,2,1,0
2023-05-30,leg,17639,42667,10,0,1,1,True,False,True,3,1,0
2023-05-30,leg,17639,42667,10,0,1,1,True,False,True,4,1,0
2023-05-30,leg,17639,42667,10,0,1,1,True,False,True,5,1,0
2023-05-30,leg,17639,42667,10,0,1,1,True,False,True,6,1,0
2023-05-30,leg,17639,42667,10,0,1,1,True,False,True,7,1,0
2023-05-30,leg,17639,42667,10,0,1,1,True,False,True,8,1,0
2023-05-30,leg,17639,42667,10,0,1,1,True,False,True,9,1,0
2023-05-30,leg,17639,42667,10,0,1,1,True,False,True,10,1,0
2023-05-30,leg,17639,268146,10,0,1,1,True,False,True,1,1,0
2023-05-30,leg,17639,268146,10,0,1,1,True,False,True,2,1,0
2023-05-30,leg,17639,268146,10,0,1,1,True,False,True,3,1,0
2023-05-30,leg,17639,268146,10,0,1,1,True,False,True,4,1,0
2023-05-30,leg,17639,268146,10,0,1,1,True,False,True,5,1,0
2023-05-30,leg,17639,268146,10,0,1,1,True,False,True,6,1,0
2023-05-30,leg,17639,268146,10,0,1,1,True,False,True,7,1,0
2023-05-30,leg,17639,268146,10,0,1,1,True,False,True,8,1,0
2023-05-30,leg,17639,268146,10,0,1,1,True,False,True,9,1,0
2023-05-30,leg,17639,268146,10,0,1,1,True,False,True,10,1,0
2023-05-30,leg,17639,60953,10,0,2,"1,2",True,False,True,1,2,0
2023-05-30,leg,17639,60953,10,0,2,"1,2",True,False,True,2,2,0
2023-05-30,leg,17639,60953,10,0,2,"1,2",True,False,True,3,2,0
2023-05-30,leg,17639,60953,10,0,2,"1,2",True,False,True,4,2,0
2023-05-30,leg,17639,60953,10,0,2,"1,2",True,False,True,5,2,0
2023-05-30,leg,17639,60953,10,0,2,"1,2",True,False,True,6,2,0
2023-05-30,leg,17639,60953,10,0,2,"1,2",True,False,True,7,2,0
2023-05-30,leg,17639,60953,10,0,2,"1,2",True,False,True,8,2,0
2023-05-30,leg,17639,60953,10,0,2,"1,2",True,False,True,9,2,0
2023-05-30,leg,17639,60953,10,0,2,"1,2",True,False,True,10,2,0
2023-05-30,leg,293,138915,10,0,1,1,True,False,True,1,1,0
2023-05-30,leg,293,138915,10,0,1,1,True,False,True,2,1,0
2023-05-30,leg,293,138915,10,0,1,1,True,False,True,3,1,0
2023-05-30,leg,293,138915,10,0,1,1,True,False,True,4,1,0
2023-05-30,leg,293,138915,10,0,1,1,True,False,True,5,1,0
2023-05-30,leg,293,138915,10,0,1,1,True,False,True,6,1,0
2023-05-30,leg,293,138915,10,0,1,1,True,False,True,7,1,0
2023-05-30,leg,293,138915,10,0,1,1,True,False,True,8,1,0
2023-05-30,leg,293,138915,10,0,1,1,True,False,True,9,1,0
2023-05-30,leg,293,138915,10,0,1,1,True,False,True,10,1,0
2023-05-30,leg,17639,267593,10,0,1,2,True,False,True,1,1,0
2023-05-30,leg,17639,267593,10,0,1,2,True,False,True,2,1,0
2023-05-30,leg,17639,267593,10,0,1,2,True,False,True,3,1,0
2023-05-30,leg,17639,267593,10,0,1,2,True,False,True,4,1,0
2023-05-30,leg,17639,267593,10,0,1,2,True,False,True,5,1,0
2023-05-30,leg,17639,267593,10,0,1,2,True,False,True,6,1,0
2023-05-30,leg,17639,267593,10,0,1,2,True,False,True,7,1,0
2023-05-30,leg,17639,267593,10,0,1,2,True,False,True,8,1,0
2023-05-30,leg,17639,267593,10,0,1,2,True,False,True,9,1,0
2023-05-30,leg,17639,267593,10,0,1,2,True,False,True,10,1,0
2023-05-30,leg,17639,29583,10,0,1,1,True,False,True,1,1,0
2023-05-30,leg,17639,29583,10,0,1,1,True,False,True,2,1,0
2023-05-30,leg,17639,29583,10,0,1,1,True,False,True,3,1,0
2023-05-30,leg,17639,29583,10,0,1,1,True,False,True,4,1,0
2023-05-30,leg,17639,29583,10,0,1,1,True,False,True,5,1,0
2023-05-30,leg,17639,29583,10,0,1,1,True,False,True,6,1,0
2023-05-30,leg,17639,29583,10,0,1,1,True,False,True,7,1,0
2023-05-30,leg,17639,29583,10,0,1,1,True,False,True,8,1,0
2023-05-30,leg,17639,29583,10,0,1,1,True,False,True,9,1,0
2023-05-30,leg,17639,29583,10,0,1,1,True,False,True,10,1,0
2023-05-30,leg,17639,207994,10,0,1,1,True,False,True,1,1,0
2023-05-30,leg,17639,207994,10,0,1,1,True,False,True,2,1,0
2023-05-30,leg,17639,207994,10,0,1,1,True,False,True,3,1,0
2023-05-30,leg,17639,207994,10,0,1,1,True,False,True,4,1,0
2023-05-30,leg,17639,207994,10,0,1,1,True,False,True,5,1,0
2023-05-30,leg,17639,207994,10,0,1,1,True,False,True,6,1,0
2023-05-30,leg,17639,207994,10,0,1,1,True,False,True,7,1,0
2023-05-30,leg,17639,207994,10,0,1,1,True,False,True,8,1,0
2023-05-30,leg,17639,207994,10,0,1,1,True,False,True,9,1,0
2023-05-30,leg,17639,207994,10,0,1,1,True,False,True,10,1,0
2023-05-30,leg,17639,47110,10,0,1,1,True,False,True,1,1,0
2023-05-30,leg,17639,47110,10,0,1,1,True,False,True,2,1,0
2023-05-30,leg,17639,47110,10,0,1,1,True,False,True,3,1,0
2023-05-30,leg,17639,47110,10,0,1,1,True,False,True,4,1,0
2023-05-30,leg,17639,47110,10,0,1,1,True,False,True,5,1,0
2023-05-30,leg,17639,47110,10,0,1,1,True,False,True,6,1,0
2023-05-30,leg,17639,47110,10,0,1,1,True,False,True,7,1,0
2023-05-30,leg,17639,47110,10,0,1,1,True,False,True,8,1,0
2023-05-30,leg,17639,47110,10,0,1,1,True,False,True,9,1,0
2023-05-30,leg,17639,47110,10,0,1,1,True,False,True,10,1,0
2023-05-30,leg,17639,48278,10,0,1,2,True,False,True,1,1,0
2023-05-30,leg,17639,48278,10,0,1,2,True,False,True,2,1,0
2023-05-30,leg,17639,48278,10,0,1,2,True,False,True,3,1,0
2023-05-30,leg,17639,48278,10,0,1,2,True,False,True,4,1,0
2023-05-30,leg,17639,48278,10,0,1,2,True,False,True,5,1,0
2023-05-30,leg,17639,48278,10,0,1,2,True,False,True,6,1,0
2023-05-30,leg,17639,48278,10,0,1,2,True,False,True,7,1,0
2023-05-30,leg,17639,48278,10,0,1,2,True,False,True,8,1,0
2023-05-30,leg,17639,48278,10,0,1,2,True,False,True,9,1,0
2023-05-30,leg,17639,48278,10,0,1,2,True,False,True,10,1,0
2023-05-30,leg,17639,271915,10,0,1,1,True,False,True,1,1,0
2023-05-30,leg,17639,271915,10,0,1,1,True,False,True,2,1,0
2023-05-30,leg,17639,271915,10,0,1,1,True,False,True,3,1,0
2023-05-30,leg,17639,271915,10,0,1,1,True,False,True,4,1,0
2023-05-30,leg,17639,271915,10,0,1,1,True,False,True,5,1,0
2023-05-30,leg,17639,271915,10,0,1,1,True,False,True,6,1,0
2023-05-30,leg,17639,271915,10,0,1,1,True,False,True,7,1,0
2023-05-30,leg,17639,271915,10,0,1,1,True,False,True,8,1,0
2023-05-30,leg,17639,271915,10,0,1,1,True,False,True,9,1,0
2023-05-30,leg,17639,271915,10,0,1,1,True,False,True,10,1,0
2023-05-30,leg,17639,29030,10,0,2,"1,2",True,False,True,1,2,0
2023-05-30,leg,17639,29030,10,0,2,"1,2",True,False,True,2,2,0
2023-05-30,leg,17639,29030,10,0,2,"1,2",True,False,True,3,2,0
2023-05-30,leg,17639,29030,10,0,2,"1,2",True,False,True,4,2,0
2023-05-30,leg,17639,29030,10,0,2,"1,2",True,False,True,5,2,0
2023-05-30,leg,17639,29030,10,0,2,"1,2",True,False,True,6,2,0
2023-05-30,leg,17639,29030,10,0,2,"1,2",True,False,True,7,2,0
2023-05-30,leg,17639,29030,10,0,2,"1,2",True,False,True,8,2,0
2023-05-30,leg,17639,29030,10,0,2,"1,2",True,False,True,9,2,0
2023-05-30,leg,17639,29030,10,0,2,"1,2",True,False,True,10,2,0
2023-05-30,leg,9026,17639,10,0,1,1,True,False,True,1,1,0
2023-05-30,leg,9026,17639,10,0,1,1,True,False,True,2,1,0
2023-05-30,leg,9026,17639,10,0,1,1,True,False,True,3,1,0
2023-05-30,leg,9026,17639,10,0,1,1,True,False,True,4,1,0
2023-05-30,leg,9026,17639,10,0,1,1,True,False,True,5,1,0
2023-05-30,leg,9026,17639,10,0,1,1,True,False,True,6,1,0
2023-05-30,leg,9026,17639,10,0,1,1,True,False,True,7,1,0
2023-05-30,leg,9026,17639,10,0,1,1,True,False,True,8,1,0
2023-05-30,leg,9026,17639,10,0,1,1,True,False,True,9,1,0
2023-05-30,leg,9026,17639,10,0,1,1,True,False,True,10,1,0
2023-05-30,leg,17639,60557,10,0,1,1,True,False,True,1,1,0
2023-05-30,leg,17639,60557,10,0,1,1,True,False,True,2,1,0
2023-05-30,leg,17639,60557,10,0,1,1,True,False,True,3,1,0
2023-05-30,leg,17639,60557,10,0,1,1,True,False,True,4,1,0
2023-05-30,leg,17639,60557,10,0,1,1,True,False,True,5,1,0
2023-05-30,leg,17639,60557,10,0,1,1,True,False,True,6,1,0
2023-05-30,leg,17639,60557,10,0,1,1,True,False,True,7,1,0
2023-05-30,leg,17639,60557,10,0,1,1,True,False,True,8,1,0
2023-05-30,leg,17639,60557,10,0,1,1,True,False,True,9,1,0
2023-05-30,leg,17639,60557,10,0,1,1,True,False,True,10,1,0
2023-05-30,leg,293,28554,10,0,1,1,True,False,True,1,1,0
2023-05-30,leg,293,28554,10,0,1,1,True,False,True,2,1,0
2023-05-30,leg,293,28554,10,0,1,1,True,False,True,3,1,0
2023-05-30,leg,293,28554,10,0,1,1,True,False,True,4,1,0
2023-05-30,leg,293,28554,10,0,1,1,True,False,True,5,1,0
2023-05-30,leg,293,28554,10,0,1,1,True,False,True,6,1,0
2023-05-30,leg,293,28554,10,0,1,1,True,False,True,7,1,0
2023-05-30,leg,293,28554,10,0,1,1,True,False,True,8,1,0
2023-05-30,leg,293,28554,10,0,1,1,True,False,True,9,1,0
2023-05-30,leg,293,28554,10,0,1,1,True,False,True,10,1,0
2023-05-30,leg,17639,199978,10,0,2,"1,2",True,False,True,1,2,0
2023-05-30,leg,17639,199978,10,0,2,"1,2",True,False,True,2,2,0
2023-05-30,leg,17639,199978,10,0,2,"1,2",True,False,True,3,2,0
2023-05-30,leg,17639,199978,10,0,2,"1,2",True,False,True,4,2,0
2023-05-30,leg,17639,199978,10,0,2,"1,2",True,False,True,5,2,0
2023-05-30,leg,17639,199978,10,0,2,"1,2",True,False,True,6,2,0
2023-05-30,leg,17639,199978,10,0,2,"1,2",True,False,True,7,2,0
2023-05-30,leg,17639,199978,10,0,2,"1,2",True,False,True,8,2,0
2023-05-30,leg,17639,199978,10,0,2,"1,2",True,False,True,9,2,0
2023-05-30,leg,17639,199978,10,0,2,"1,2",True,False,True,10,2,0
2023-05-30,leg,17639,266029,10,0,1,1,True,False,True,1,1,0
2023-05-30,leg,17639,266029,10,0,1,1,True,False,True,2,1,0
2023-05-30,leg,17639,266029,10,0,1,1,True,False,True,3,1,0
2023-05-30,leg,17639,266029,10,0,1,1,True,False,True,4,1,0
2023-05-30,leg,17639,266029,10,0,1,1,True,False,True,5,1,0
2023-05-30,leg,17639,266029,10,0,1,1,True,False,True,6,1,0
2023-05-30,leg,17639,266029,10,0,1,1,True,False,True,7,1,0
2023-05-30,leg,17639,266029,10,0,1,1,True,False,True,8,1,0
2023-05-30,leg,17639,266029,10,0,1,1,True,False,True,9,1,0
2023-05-30,leg,17639,266029,10,0,1,1,True,False,True,10,1,0
2023-05-30,leg,17639,205985,10,0,1,1,True,False,True,1,1,0
2023-05-30,leg,17639,205985,10,0,1,1,True,False,True,2,1,0
2023-05-30,leg,17639,205985,10,0,1,1,True,False,True,3,1,0
2023-05-30,leg,17639,205985,10,0,1,1,True,False,True,4,1,0
2023-05-30,leg,17639,205985,10,0,1,1,True,False,True,5,1,0
2023-05-30,leg,17639,205985,10,0,1,1,True,False,True,6,1,0
2023-05-30,leg,17639,205985,10,0,1,1,True,False,True,7,1,0
2023-05-30,leg,17639,205985,10,0,1,1,True,False,True,8,1,0
2023-05-30,leg,17639,205985,10,0,1,1,True,False,True,9,1,0
2023-05-30,leg,17639,205985,10,0,1,1,True,False,True,10,1,0
2023-05-30,leg,1031,28260,10,0,2484,"1,2,3,4,5,7",True,False,False,1,2484,0
2023-05-30,leg,1031,28260,10,0,2484,"1,2,3,4,5,7",True,False,False,2,2484,0
2023-05-30,leg,1031,28260,10,0,2484,"1,2,3,4,5,7",True,False,False,3,2484,0
2023-05-30,leg,1031,28260,10,0,2484,"1,2,3,4,5,7",True,False,False,4,2480,4
2023-05-30,leg,1031,28260,10,0,2484,"1,2,3,4,5,7",True,False,False,5,2466,18
2023-05-30,leg,1031,28260,10,0,2484,"1,2,3,4,5,7",True,False,False,6,2468,16
2023-05-30,leg,1031,28260,10,0,2484,"1,2,3,4,5,7",True,False,False,7,2483,1
2023-05-30,leg,1031,28260,10,0,2484,"1,2,3,4,5,7",True,False,False,8,2473,11
2023-05-30,leg,1031,28260,10,0,2484,"1,2,3,4,5,7",True,False,False,9,2482,2
2023-05-30,leg,1031,28260,10,0,2484,"1,2,3,4,5,7",True,False,False,10,2475,9
2023-05-30,leg,17639,52191,10,0,1,1,True,False,True,1,1,0
2023-05-30,leg,17639,52191,10,0,1,1,True,False,True,2,1,0
2023-05-30,leg,17639,52191,10,0,1,1,True,False,True,3,1,0
2023-05-30,leg,17639,52191,10,0,1,1,True,False,True,4,1,0
2023-05-30,leg,17639,52191,10,0,1,1,True,False,True,5,1,0
2023-05-30,leg,17639,52191,10,0,1,1,True,False,True,6,1,0
2023-05-30,leg,17639,52191,10,0,1,1,True,False,True,7,1,0
2023-05-30,leg,17639,52191,10,0,1,1,True,False,True,8,1,0
2023-05-30,leg,17639,52191,10,0,1,1,True,False,True,9,1,0
2023-05-30,leg,17639,52191,10,0,1,1,True,False,True,10,1,0
2023-05-30,leg,61569,263558,10,0,279,1,True,False,False,1,279,0
2023-05-30,leg,61569,263558,10,0,279,1,True,False,False,2,279,0
2023-05-30,leg,61569,263558,10,0,279,1,True,False,False,3,279,0
2023-05-30,leg,61569,263558,10,0,279,1,True,False,False,4,279,0
2023-05-30,leg,61569,263558,10,0,279,1,True,False,False,5,279,0
2023-05-30,leg,61569,263558,10,0,279,1,True,False,False,6,279,0
2023-05-30,leg,61569,263558,10,0,279,1,True,False,False,7,279,0
2023-05-30,leg,61569,263558,10,0,279,1,True,False,False,8,279,0
2023-05-30,leg,61569,263558,10,0,279,1,True,False,False,9,279,0
2023-05-30,leg,61569,263558,10,0,279,1,True,False,False,10,279,0
2023-05-30,leg,293,63199,10,0,1,1,True,False,True,1,1,0
2023-05-30,leg,293,63199,10,0,1,1,True,False,True,2,1,0
2023-05-30,leg,293,63199,10,0,1,1,True,False,True,3,1,0
2023-05-30,leg,293,63199,10,0,1,1,True,False,True,4,1,0
2023-05-30,leg,293,63199,10,0,1,1,True,False,True,5,1,0
2023-05-30,leg,293,63199,10,0,1,1,True,False,True,6,1,0
2023-05-30,leg,293,63199,10,0,1,1,True,False,True,7,1,0
2023-05-30,leg,293,63199,10,0,1,1,True,False,True,8,1,0
2023-05-30,leg,293,63199,10,0,1,1,True,False,True,9,1,0
2023-05-30,leg,293,63199,10,0,1,1,True,False,True,10,1,0
2023-05-30,leg,28263,271093,10,0,1,1,True,False,False,1,1,0
2023-05-30,leg,28263,271093,10,0,1,1,True,False,False,2,1,0
2023-05-30,leg,28263,271093,10,0,1,1,True,False,False,3,1,0
2023-05-30,leg,28263,271093,10,0,1,1,True,False,False,4,1,0
2023-05-30,leg,28263,271093,10,0,1,1,True,False,False,5,1,0
2023-05-30,leg,28263,271093,10,0,1,1,True,False,False,6,1,0
2023-05-30,leg,28263,271093,10,0,1,1,True,False,False,7,1,0
2023-05-30,leg,28263,271093,10,0,1,1,True,False,False,8,1,0
2023-05-30,leg,28263,271093,10,0,1,1,True,False,False,9,1,0
2023-05-30,leg,28263,271093,10,0,1,1,True,False,False,10,1,0
2023-05-30,leg,17639,39130,10,0,1,1,True,False,True,1,1,0
2023-05-30,leg,17639,39130,10,0,1,1,True,False,True,2,1,0
2023-05-30,leg,17639,39130,10,0,1,1,True,False,True,3,1,0
2023-05-30,leg,17639,39130,10,0,1,1,True,False,True,4,1,0
2023-05-30,leg,17639,39130,10,0,1,1,True,False,True,5,1,0
2023-05-30,leg,17639,39130,10,0,1,1,True,False,True,6,1,0
2023-05-30,leg,17639,39130,10,0,1,1,True,False,True,7,1,0
2023-05-30,leg,17639,39130,10,0,1,1,True,False,True,8,1,0
2023-05-30,leg,17639,39130,10,0,1,1,True,False,True,9,1,0
2023-05-30,leg,17639,39130,10,0,1,1,True,False,True,10,1,0
2023-05-30,leg,17639,207153,10,0,1,1,True,False,True,1,1,0
2023-05-30,leg,17639,207153,10,0,1,1,True,False,True,2,1,0
2023-05-30,leg,17639,207153,10,0,1,1,True,False,True,3,1,0
2023-05-30,leg,17639,207153,10,0,1,1,True,False,True,4,1,0
2023-05-30,leg,17639,207153,10,0,1,1,True,False,True,5,1,0
2023-05-30,leg,17639,207153,10,0,1,1,True,False,True,6,1,0
2023-05-30,leg,17639,207153,10,0,1,1,True,False,True,7,1,0
2023-05-30,leg,17639,207153,10,0,1,1,True,False,True,8,1,0
2023-05-30,leg,17639,207153,10,0,1,1,True,False,True,9,1,0
2023-05-30,leg,17639,207153,10,0,1,1,True,False,True,10,1,0
2023-05-30,leg,17639,208501,10,0,1,1,True,False,True,1,1,0
2023-05-30,leg,17639,208501,10,0,1,1,True,False,True,2,1,0
2023-05-30,leg,17639,208501,10,0,1,1,True,False,True,3,1,0
2023-05-30,leg,17639,208501,10,0,1,1,True,False,True,4,1,0
2023-05-30,leg,17639,208501,10,0,1,1,True,False,True,5,1,0
2023-05-30,leg,17639,208501,10,0,1,1,True,False,True,6,1,0
2023-05-30,leg,17639,208501,10,0,1,1,True,False,True,7,1,0
2023-05-30,leg,17639,208501,10,0,1,1,True,False,True,8,1,0
2023-05-30,leg,17639,208501,10,0,1,1,True,False,True,9,1,0
2023-05-30,leg,17639,208501,10,0,1,1,True,False,True,10,1,0
2023-05-30,leg,17639,61581,10,0,1,1,True,False,True,1,1,0
2023-05-30,leg,17639,61581,10,0,1,1,True,False,True,2,1,0
2023-05-30,leg,17639,61581,10,0,1,1,True,False,True,3,1,0
2023-05-30,leg,17639,61581,10,0,1,1,True,False,True,4,1,0
2023-05-30,leg,17639,61581,10,0,1,1,True,False,True,5,1,0
2023-05-30,leg,17639,61581,10,0,1,1,True,False,True,6,1,0
2023-05-30,leg,17639,61581,10,0,1,1,True,False,True,7,1,0
2023-05-30,leg,17639,61581,10,0,1,1,True,False,True,8,1,0
2023-05-30,leg,17639,61581,10,0,1,1,True,False,True,9,1,0
2023-05-30,leg,17639,61581,10,0,1,1,True,False,True,10,1,0
2023-05-30,leg,4755,136644,10,0,319,1,True,False,False,1,319,0
2023-05-30,leg,4755,136644,10,0,319,1,True,False,False,2,319,0
2023-05-30,leg,4755,136644,10,0,319,1,True,False,False,3,319,0
2023-05-30,leg,4755,136644,10,0,319,1,True,False,False,4,319,0
2023-05-30,leg,4755,136644,10,0,319,1,True,False,False,5,319,0
2023-05-30,leg,4755,136644,10,0,319,1,True,False,False,6,319,0
2023-05-30,leg,4755,136644,10,0,319,1,True,False,False,7,319,0
2023-05-30,leg,4755,136644,10,0,319,1,True,False,False,8,319,0
2023-05-30,leg,4755,136644,10,0,319,1,True,False,False,9,319,0
2023-05-30,leg,4755,136644,10,0,319,1,True,False,False,10,319,0
2023-05-30,leg,293,62646,10,0,1,1,True,False,True,1,1,0
2023-05-30,leg,293,62646,10,0,1,1,True,False,True,2,1,0
2023-05-30,leg,293,62646,10,0,1,1,True,False,True,3,1,0
2023-05-30,leg,293,62646,10,0,1,1,True,False,True,4,1,0
2023-05-30,leg,293,62646,10,0,1,1,True,False,True,5,1,0
2023-05-30,leg,293,62646,10,0,1,1,True,False,True,6,1,0
2023-05-30,leg,293,62646,10,0,1,1,True,False,True,7,1,0
2023-05-30,leg,293,62646,10,0,1,1,True,False,True,8,1,0
2023-05-30,leg,293,62646,10,0,1,1,True,False,True,9,1,0
2023-05-30,leg,293,62646,10,0,1,1,True,False,True,10,1,0
2023-05-30,leg,24482,263400,10,0,1,2,True,False,False,1,1,0
2023-05-30,leg,24482,263400,10,0,1,2,True,False,False,2,1,0
2023-05-30,leg,24482,263400,10,0,1,2,True,False,False,3,1,0
2023-05-30,leg,24482,263400,10,0,1,2,True,False,False,4,1,0
2023-05-30,leg,24482,263400,10,0,1,2,True,False,False,5,1,0
2023-05-30,leg,24482,263400,10,0,1,2,True,False,False,6,1,0
2023-05-30,leg,24482,263400,10,0,1,2,True,False,False,7,1,0
2023-05-30,leg,24482,263400,10,0,1,2,True,False,False,8,1,0
2023-05-30,leg,24482,263400,10,0,1,2,True,False,False,9,1,0
2023-05-30,leg,24482,263400,10,0,1,2,True,False,False,10,1,0
2023-05-30,leg,22381,270623,10,0,3,1,True,False,False,1,3,0
2023-05-30,leg,22381,270623,10,0,3,1,True,False,False,2,3,0
2023-05-30,leg,22381,270623,10,0,3,1,True,False,False,3,3,0
2023-05-30,leg,22381,270623,10,0,3,1,True,False,False,4,3,0
2023-05-30,leg,22381,270623,10,0,3,1,True,False,False,5,3,0
2023-05-30,leg,22381,270623,10,0,3,1,True,False,False,6,3,0
2023-05-30,leg,22381,270623,10,0,3,1,True,False,False,7,3,0
2023-05-30,leg,22381,270623,10,0,3,1,True,False,False,8,3,0
2023-05-30,leg,22381,270623,10,0,3,1,True,False,False,9,3,0
2023-05-30,leg,22381,270623,10,0,3,1,True,False,False,10,3,0
2023-05-30,leg,17639,39251,10,0,1,1,True,False,True,1,1,0
2023-05-30,leg,17639,39251,10,0,1,1,True,False,True,2,1,0
2023-05-30,leg,17639,39251,10,0,1,1,True,False,True,3,1,0
2023-05-30,leg,17639,39251,10,0,1,1,True,False,True,4,1,0
2023-05-30,leg,17639,39251,10,0,1,1,True,False,True,5,1,0
2023-05-30,leg,17639,39251,10,0,1,1,True,False,True,6,1,0
2023-05-30,leg,17639,39251,10,0,1,1,True,False,True,7,1,0
2023-05-30,leg,17639,39251,10,0,1,1,True,False,True,8,1,0
2023-05-30,leg,17639,39251,10,0,1,1,True,False,True,9,1,0
2023-05-30,leg,17639,39251,10,0,1,1,True,False,True,10,1,0
2023-05-30,leg,24961,270833,10,0,1,1,True,False,False,1,1,0
2023-05-30,leg,24961,270833,10,0,1,1,True,False,False,2,1,0
2023-05-30,leg,24961,270833,10,0,1,1,True,False,False,3,1,0
2023-05-30,leg,24961,270833,10,0,1,1,True,False,False,4,1,0
2023-05-30,leg,24961,270833,10,0,1,1,True,False,False,5,1,0
2023-05-30,leg,24961,270833,10,0,1,1,True,False,False,6,1,0
2023-05-30,leg,24961,270833,10,0,1,1,True,False,False,7,1,0
2023-05-30,leg,24961,270833,10,0,1,1,True,False,False,8,1,0
2023-05-30,leg,24961,270833,10,0,1,1,True,False,False,9,1,0
2023-05-30,leg,24961,270833,10,0,1,1,True,False,False,10,1,0
2023-05-30,leg,17639,57007,10,0,1,1,True,False,True,1,1,0
2023-05-30,leg,17639,57007,10,0,1,1,True,False,True,2,1,0
2023-05-30,leg,17639,57007,10,0,1,1,True,False,True,3,1,0
2023-05-30,leg,17639,57007,10,0,1,1,True,False,True,4,1,0
2023-05-30,leg,17639,57007,10,0,1,1,True,False,True,5,1,0
2023-05-30,leg,17639,57007,10,0,1,1,True,False,True,6,1,0
2023-05-30,leg,17639,57007,10,0,1,1,True,False,True,7,1,0
2023-05-30,leg,17639,57007,10,0,1,1,True,False,True,8,1,0
2023-05-30,leg,17639,57007,10,0,1,1,True,False,True,9,1,0
2023-05-30,leg,17639,57007,10,0,1,1,True,False,True,10,1,0
2023-05-30,leg,17639,202844,10,0,1,1,True,False,True,1,1,0
2023-05-30,leg,17639,202844,10,0,1,1,True,False,True,2,1,0
2023-05-30,leg,17639,202844,10,0,1,1,True,False,True,3,1,0
2023-05-30,leg,17639,202844,10,0,1,1,True,False,True,4,1,0
2023-05-30,leg,17639,202844,10,0,1,1,True,False,True,5,1,0
2023-05-30,leg,17639,202844,10,0,1,1,True,False,True,6,1,0
2023-05-30,leg,17639,202844,10,0,1,1,True,False,True,7,1,0
2023-05-30,leg,17639,202844,10,0,1,1,True,False,True,8,1,0
2023-05-30,leg,17639,202844,10,0,1,1,True,False,True,9,1,0
2023-05-30,leg,17639,202844,10,0,1,1,True,False,True,10,1,0
2023-05-30,leg,293,62682,10,0,1,1,True,False,True,1,1,0
2023-05-30,leg,293,62682,10,0,1,1,True,False,True,2,1,0
2023-05-30,leg,293,62682,10,0,1,1,True,False,True,3,1,0
2023-05-30,leg,293,62682,10,0,1,1,True,False,True,4,1,0
2023-05-30,leg,293,62682,10,0,1,1,True,False,True,5,1,0
2023-05-30,leg,293,62682,10,0,1,1,True,False,True,6,1,0
2023-05-30,leg,293,62682,10,0,1,1,True,False,True,7,1,0
2023-05-30,leg,293,62682,10,0,1,1,True,False,True,8,1,0
2023-05-30,leg,293,62682,10,0,1,1,True,False,True,9,1,0
2023-05-30,leg,293,62682,10,0,1,1,True,False,True,10,1,0
2023-05-30,leg,24482,393552,10,0,1,3,True,False,False,1,1,0
2023-05-30,leg,24482,393552,10,0,1,3,True,False,False,2,1,0
2023-05-30,leg,24482,393552,10,0,1,3,True,False,False,3,1,0
2023-05-30,leg,24482,393552,10,0,1,3,True,False,False,4,1,0
2023-05-30,leg,24482,393552,10,0,1,3,True,False,False,5,1,0
2023-05-30,leg,24482,393552,10,0,1,3,True,False,False,6,1,0
2023-05-30,leg,24482,393552,10,0,1,3,True,False,False,7,1,0
2023-05-30,leg,24482,393552,10,0,1,3,True,False,False,8,1,0
2023-05-30,leg,24482,393552,10,0,1,3,True,False,False,9,1,0
2023-05-30,leg,24482,393552,10,0,1,3,True,False,False,10,1,0
2023-05-30,leg,17639,50856,10,0,1,1,True,False,True,1,1,0
2023-05-30,leg,17639,50856,10,0,1,1,True,False,True,2,1,0
2023-05-30,leg,17639,50856,10,0,1,1,True,False,True,3,1,0
2023-05-30,leg,17639,50856,10,0,1,1,True,False,True,4,1,0
2023-05-30,leg,17639,50856,10,0,1,1,True,False,True,5,1,0
2023-05-30,leg,17639,50856,10,0,1,1,True,False,True,6,1,0
2023-05-30,leg,17639,50856,10,0,1,1,True,False,True,7,1,0
2023-05-30,leg,17639,50856,10,0,1,1,True,False,True,8,1,0
2023-05-30,leg,17639,50856,10,0,1,1,True,False,True,9,1,0
2023-05-30,leg,17639,50856,10,0,1,1,True,False,True,10,1,0
2023-05-30,leg,17639,25372,10,0,5,"1,2",True,False,True,1,5,0
2023-05-30,leg,17639,25372,10,0,5,"1,2",True,False,True,2,5,0
2023-05-30,leg,17639,25372,10,0,5,"1,2",True,False,True,3,5,0
2023-05-30,leg,17639,25372,10,0,5,"1,2",True,False,True,4,5,0
2023-05-30,leg,17639,25372,10,0,5,"1,2",True,False,True,5,5,0
2023-05-30,leg,17639,25372,10,0,5,"1,2",True,False,True,6,5,0
2023-05-30,leg,17639,25372,10,0,5,"1,2",True,False,True,7,5,0
2023-05-30,leg,17639,25372,10,0,5,"1,2",True,False,True,8,5,0
2023-05-30,leg,17639,25372,10,0,5,"1,2",True,False,True,9,5,0
2023-05-30,leg,17639,25372,10,0,5,"1,2",True,False,True,10,5,0
2023-05-30,leg,17639,61064,10,0,1,1,True,False,True,1,1,0
2023-05-30,leg,17639,61064,10,0,1,1,True,False,True,2,1,0
2023-05-30,leg,17639,61064,10,0,1,1,True,False,True,3,1,0
2023-05-30,leg,17639,61064,10,0,1,1,True,False,True,4,1,0
2023-05-30,leg,17639,61064,10,0,1,1,True,False,True,5,1,0
2023-05-30,leg,17639,61064,10,0,1,1,True,False,True,6,1,0
2023-05-30,leg,17639,61064,10,0,1,1,True,False,True,7,1,0
2023-05-30,leg,17639,61064,10,0,1,1,True,False,True,8,1,0
2023-05-30,leg,17639,61064,10,0,1,1,True,False,True,9,1,0
2023-05-30,leg,17639,61064,10,0,1,1,True,False,True,10,1,0
2023-05-30,leg,50673,262972,10,0,1,3,True,False,False,1,1,0
2023-05-30,leg,50673,262972,10,0,1,3,True,False,False,2,1,0
2023-05-30,leg,50673,262972,10,0,1,3,True,False,False,3,1,0
2023-05-30,leg,50673,262972,10,0,1,3,True,False,False,4,1,0
2023-05-30,leg,50673,262972,10,0,1,3,True,False,False,5,1,0
2023-05-30,leg,50673,262972,10,0,1,3,True,False,False,6,1,0
2023-05-30,leg,50673,262972,10,0,1,3,True,False,False,7,1,0
2023-05-30,leg,50673,262972,10,0,1,3,True,False,False,8,1,0
2023-05-30,leg,50673,262972,10,0,1,3,True,False,False,9,1,0
2023-05-30,leg,50673,262972,10,0,1,3,True,False,False,10,1,0
2023-05-30,leg,293,55219,10,0,1,1,True,False,True,1,1,0
2023-05-30,leg,293,55219,10,0,1,1,True,False,True,2,1,0
2023-05-30,leg,293,55219,10,0,1,1,True,False,True,3,1,0
2023-05-30,leg,293,55219,10,0,1,1,True,False,True,4,1,0
2023-05-30,leg,293,55219,10,0,1,1,True,False,True,5,1,0
2023-05-30,leg,293,55219,10,0,1,1,True,False,True,6,1,0
2023-05-30,leg,293,55219,10,0,1,1,True,False,True,7,1,0
2023-05-30,leg,293,55219,10,0,1,1,True,False,True,8,1,0
2023-05-30,leg,293,55219,10,0,1,1,True,False,True,9,1,0
2023-05-30,leg,293,55219,10,0,1,1,True,False,True,10,1,0
2023-05-30,leg,293,22645,10,0,10,"1,2",True,False,True,1,10,0
2023-05-30,leg,293,22645,10,0,10,"1,2",True,False,True,2,10,0
2023-05-30,leg,293,22645,10,0,10,"1,2",True,False,True,3,10,0
2023-05-30,leg,293,22645,10,0,10,"1,2",True,False,True,4,10,0
2023-05-30,leg,293,22645,10,0,10,"1,2",True,False,True,5,10,0
2023-05-30,leg,293,22645,10,0,10,"1,2",True,False,True,6,10,0
2023-05-30,leg,293,22645,10,0,10,"1,2",True,False,True,7,10,0
2023-05-30,leg,293,22645,10,0,10,"1,2",True,False,True,8,10,0
2023-05-30,leg,293,22645,10,0,10,"1,2",True,False,True,9,10,0
2023-05-30,leg,293,22645,10,0,10,"1,2",True,False,True,10,10,0
2023-05-30,leg,293,20021,10,0,7,"1,2",True,False,True,1,7,0
2023-05-30,leg,293,20021,10,0,7,"1,2",True,False,True,2,7,0
2023-05-30,leg,293,20021,10,0,7,"1,2",True,False,True,3,7,0
2023-05-30,leg,293,20021,10,0,7,"1,2",True,False,True,4,7,0
2023-05-30,leg,293,20021,10,0,7,"1,2",True,False,True,5,7,0
2023-05-30,leg,293,20021,10,0,7,"1,2",True,False,True,6,7,0
2023-05-30,leg,293,20021,10,0,7,"1,2",True,False,True,7,7,0
2023-05-30,leg,293,20021,10,0,7,"1,2",True,False,True,8,7,0
2023-05-30,leg,293,20021,10,0,7,"1,2",True,False,True,9,7,0
2023-05-30,leg,293,20021,10,0,7,"1,2",True,False,True,10,7,0
2023-05-30,leg,17639,31235,10,0,1,1,True,False,True,1,1,0
2023-05-30,leg,17639,31235,10,0,1,1,True,False,True,2,1,0
2023-05-30,leg,17639,31235,10,0,1,1,True,False,True,3,1,0
2023-05-30,leg,17639,31235,10,0,1,1,True,False,True,4,1,0
2023-05-30,leg,17639,31235,10,0,1,1,True,False,True,5,1,0
2023-05-30,leg,17639,31235,10,0,1,1,True,False,True,6,1,0
2023-05-30,leg,17639,31235,10,0,1,1,True,False,True,7,1,0
2023-05-30,leg,17639,31235,10,0,1,1,True,False,True,8,1,0
2023-05-30,leg,17639,31235,10,0,1,1,True,False,True,9,1,0
2023-05-30,leg,17639,31235,10,0,1,1,True,False,True,10,1,0
2023-05-30,leg,293,23404,10,0,1,1,True,False,True,1,1,0
2023-05-30,leg,293,23404,10,0,1,1,True,False,True,2,1,0
2023-05-30,leg,293,23404,10,0,1,1,True,False,True,3,1,0
2023-05-30,leg,293,23404,10,0,1,1,True,False,True,4,1,0
2023-05-30,leg,293,23404,10,0,1,1,True,False,True,5,1,0
2023-05-30,leg,293,23404,10,0,1,1,True,False,True,6,1,0
2023-05-30,leg,293,23404,10,0,1,1,True,False,True,7,1,0
2023-05-30,leg,293,23404,10,0,1,1,True,False,True,8,1,0
2023-05-30,leg,293,23404,10,0,1,1,True,False,True,9,1,0
2023-05-30,leg,293,23404,10,0,1,1,True,False,True,10,1,0
2023-05-30,leg,9558,17639,10,0,1,1,True,False,True,1,1,0
2023-05-30,leg,9558,17639,10,0,1,1,True,False,True,2,1,0
2023-05-30,leg,9558,17639,10,0,1,1,True,False,True,3,1,0
2023-05-30,leg,9558,17639,10,0,1,1,True,False,True,4,1,0
2023-05-30,leg,9558,17639,10,0,1,1,True,False,True,5,1,0
2023-05-30,leg,9558,17639,10,0,1,1,True,False,True,6,1,0
2023-05-30,leg,9558,17639,10,0,1,1,True,False,True,7,1,0
2023-05-30,leg,9558,17639,10,0,1,1,True,False,True,8,1,0
2023-05-30,leg,9558,17639,10,0,1,1,True,False,True,9,1,0
2023-05-30,leg,9558,17639,10,0,1,1,True,False,True,10,1,0
2023-05-30,leg,8554,17639,10,0,1,1,True,False,True,1,1,0
2023-05-30,leg,8554,17639,10,0,1,1,True,False,True,2,1,0
2023-05-30,leg,8554,17639,10,0,1,1,True,False,True,3,1,0
2023-05-30,leg,8554,17639,10,0,1,1,True,False,True,4,1,0
2023-05-30,leg,8554,17639,10,0,1,1,True,False,True,5,1,0
2023-05-30,leg,8554,17639,10,0,1,1,True,False,True,6,1,0
2023-05-30,leg,8554,17639,10,0,1,1,True,False,True,7,1,0
2023-05-30,leg,8554,17639,10,0,1,1,True,False,True,8,1,0
2023-05-30,leg,8554,17639,10,0,1,1,True,False,True,9,1,0
2023-05-30,leg,8554,17639,10,0,1,1,True,False,True,10,1,0
2023-05-30,leg,39120,212312,10,0,1,1,True,False,True,1,1,0
2023-05-30,leg,39120,212312,10,0,1,1,True,False,True,2,1,0
2023-05-30,leg,39120,212312,10,0,1,1,True,False,True,3,1,0
2023-05-30,leg,39120,212312,10,0,1,1,True,False,True,4,1,0
2023-05-30,leg,39120,212312,10,0,1,1,True,False,True,5,1,0
2023-05-30,leg,39120,212312,10,0,1,1,True,False,True,6,1,0
2023-05-30,leg,39120,212312,10,0,1,1,True,False,True,7,1,0
2023-05-30,leg,39120,212312,10,0,1,1,True,False,True,8,1,0
2023-05-30,leg,39120,212312,10,0,1,1,True,False,True,9,1,0
2023-05-30,leg,39120,212312,10,0,1,1,True,False,True,10,1,0
2023-05-30,leg,15280,17639,10,0,1,1,True,False,True,1,1,0
2023-05-30,leg,15280,17639,10,0,1,1,True,False,True,2,1,0
2023-05-30,leg,15280,17639,10,0,1,1,True,False,True,3,1,0
2023-05-30,leg,15280,17639,10,0,1,1,True,False,True,4,1,0
2023-05-30,leg,15280,17639,10,0,1,1,True,False,True,5,1,0
2023-05-30,leg,15280,17639,10,0,1,1,True,False,True,6,1,0
2023-05-30,leg,15280,17639,10,0,1,1,True,False,True,7,1,0
2023-05-30,leg,15280,17639,10,0,1,1,True,False,True,8,1,0
2023-05-30,leg,15280,17639,10,0,1,1,True,False,True,9,1,0
2023-05-30,leg,15280,17639,10,0,1,1,True,False,True,10,1,0
2023-05-30,leg,17639,51507,10,0,1,1,True,False,True,1,1,0
2023-05-30,leg,17639,51507,10,0,1,1,True,False,True,2,1,0
2023-05-30,leg,17639,51507,10,0,1,1,True,False,True,3,1,0
2023-05-30,leg,17639,51507,10,0,1,1,True,False,True,4,1,0
2023-05-30,leg,17639,51507,10,0,1,1,True,False,True,5,1,0
2023-05-30,leg,17639,51507,10,0,1,1,True,False,True,6,1,0
2023-05-30,leg,17639,51507,10,0,1,1,True,False,True,7,1,0
2023-05-30,leg,17639,51507,10,0,1,1,True,False,True,8,1,0
2023-05-30,leg,17639,51507,10,0,1,1,True,False,True,9,1,0
2023-05-30,leg,17639,51507,10,0,1,1,True,False,True,10,1,0
2023-05-30,leg,9002,209768,10,0,3,1,True,False,False,1,3,0
2023-05-30,leg,9002,209768,10,0,3,1,True,False,False,2,3,0
2023-05-30,leg,9002,209768,10,0,3,1,True,False,False,3,3,0
2023-05-30,leg,9002,209768,10,0,3,1,True,False,False,4,3,0
2023-05-30,leg,9002,209768,10,0,3,1,True,False,False,5,3,0
2023-05-30,leg,9002,209768,10,0,3,1,True,False,False,6,3,0
2023-05-30,leg,9002,209768,10,0,3,1,True,False,False,7,3,0
2023-05-30,leg,9002,209768,10,0,3,1,True,False,False,8,3,0
2023-05-30,leg,9002,209768,10,0,3,1,True,False,False,9,3,0
2023-05-30,leg,9002,209768,10,0,3,1,True,False,False,10,3,0
2023-05-30,leg,17639,31127,10,0,1,1,True,False,True,1,1,0
2023-05-30,leg,17639,31127,10,0,1,1,True,False,True,2,1,0
2023-05-30,leg,17639,31127,10,0,1,1,True,False,True,3,1,0
2023-05-30,leg,17639,31127,10,0,1,1,True,False,True,4,1,0
2023-05-30,leg,17639,31127,10,0,1,1,True,False,True,5,1,0
2023-05-30,leg,17639,31127,10,0,1,1,True,False,True,6,1,0
2023-05-30,leg,17639,31127,10,0,1,1,True,False,True,7,1,0
2023-05-30,leg,17639,31127,10,0,1,1,True,False,True,8,1,0
2023-05-30,leg,17639,31127,10,0,1,1,True,False,True,9,1,0
2023-05-30,leg,17639,31127,10,0,1,1,True,False,True,10,1,0
2023-05-30,leg,61689,271198,10,0,157,1,True,False,False,1,157,0
2023-05-30,leg,61689,271198,10,0,157,1,True,False,False,2,157,0
2023-05-30,leg,61689,271198,10,0,157,1,True,False,False,3,157,0
2023-05-30,leg,61689,271198,10,0,157,1,True,False,False,4,157,0
2023-05-30,leg,61689,271198,10,0,157,1,True,False,False,5,157,0
2023-05-30,leg,61689,271198,10,0,157,1,True,False,False,6,157,0
2023-05-30,leg,61689,271198,10,0,157,1,True,False,False,7,157,0
2023-05-30,leg,61689,271198,10,0,157,1,True,False,False,8,157,0
2023-05-30,leg,61689,271198,10,0,157,1,True,False,False,9,157,0
2023-05-30,leg,61689,271198,10,0,157,1,True,False,False,10,157,0
2023-05-30,leg,17639,198921,10,0,1,1,True,False,True,1,1,0
2023-05-30,leg,17639,198921,10,0,1,1,True,False,True,2,1,0
2023-05-30,leg,17639,198921,10,0,1,1,True,False,True,3,1,0
2023-05-30,leg,17639,198921,10,0,1,1,True,False,True,4,1,0
2023-05-30,leg,17639,198921,10,0,1,1,True,False,True,5,1,0
2023-05-30,leg,17639,198921,10,0,1,1,True,False,True,6,1,0
2023-05-30,leg,17639,198921,10,0,1,1,True,False,True,7,1,0
2023-05-30,leg,17639,198921,10,0,1,1,True,False,True,8,1,0
2023-05-30,leg,17639,198921,10,0,1,1,True,False,True,9,1,0
2023-05-30,leg,17639,198921,10,0,1,1,True,False,True,10,1,0
2023-05-30,leg,293,16880,10,0,1,1,True,False,True,1,1,0
2023-05-30,leg,293,16880,10,0,1,1,True,False,True,2,1,0
2023-05-30,leg,293,16880,10,0,1,1,True,False,True,3,1,0
2023-05-30,leg,293,16880,10,0,1,1,True,False,True,4,1,0
2023-05-30,leg,293,16880,10,0,1,1,True,False,True,5,1,0
2023-05-30,leg,293,16880,10,0,1,1,True,False,True,6,1,0
2023-05-30,leg,293,16880,10,0,1,1,True,False,True,7,1,0
2023-05-30,leg,293,16880,10,0,1,1,True,False,True,8,1,0
2023-05-30,leg,293,16880,10,0,1,1,True,False,True,9,1,0
2023-05-30,leg,293,16880,10,0,1,1,True,False,True,10,1,0
2023-05-30,leg,17639,209358,10,0,1,1,True,False,True,1,1,0
2023-05-30,leg,17639,209358,10,0,1,1,True,False,True,2,1,0
2023-05-30,leg,17639,209358,10,0,1,1,True,False,True,3,1,0
2023-05-30,leg,17639,209358,10,0,1,1,True,False,True,4,1,0
2023-05-30,leg,17639,209358,10,0,1,1,True,False,True,5,1,0
2023-05-30,leg,17639,209358,10,0,1,1,True,False,True,6,1,0
2023-05-30,leg,17639,209358,10,0,1,1,True,False,True,7,1,0
2023-05-30,leg,17639,209358,10,0,1,1,True,False,True,8,1,0
2023-05-30,leg,17639,209358,10,0,1,1,True,False,True,9,1,0
2023-05-30,leg,17639,209358,10,0,1,1,True,False,True,10,1,0
2023-05-30,leg,17639,31621,10,0,2,"1,2",True,False,True,1,2,0
2023-05-30,leg,17639,31621,10,0,2,"1,2",True,False,True,2,2,0
2023-05-30,leg,17639,31621,10,0,2,"1,2",True,False,True,3,2,0
2023-05-30,leg,17639,31621,10,0,2,"1,2",True,False,True,4,2,0
2023-05-30,leg,17639,31621,10,0,2,"1,2",True,False,True,5,2,0
2023-05-30,leg,17639,31621,10,0,2,"1,2",True,False,True,6,2,0
2023-05-30,leg,17639,31621,10,0,2,"1,2",True,False,True,7,2,0
2023-05-30,leg,17639,31621,10,0,2,"1,2",True,False,True,8,2,0
2023-05-30,leg,17639,31621,10,0,2,"1,2",True,False,True,9,2,0
2023-05-30,leg,17639,31621,10,0,2,"1,2",True,False,True,10,2,0
2023-05-30,leg,17639,200089,10,0,1,1,True,False,True,1,1,0
2023-05-30,leg,17639,200089,10,0,1,1,True,False,True,2,1,0
2023-05-30,leg,17639,200089,10,0,1,1,True,False,True,3,1,0
2023-05-30,leg,17639,200089,10,0,1,1,True,False,True,4,1,0
2023-05-30,leg,17639,200089,10,0,1,1,True,False,True,5,1,0
2023-05-30,leg,17639,200089,10,0,1,1,True,False,True,6,1,0
2023-05-30,leg,17639,200089,10,0,1,1,True,False,True,7,1,0
2023-05-30,leg,17639,200089,10,0,1,1,True,False,True,8,1,0
2023-05-30,leg,17639,200089,10,0,1,1,True,False,True,9,1,0
2023-05-30,leg,17639,200089,10,0,1,1,True,False,True,10,1,0
2023-05-30,leg,17639,42503,10,0,1,1,True,False,True,1,1,0
2023-05-30,leg,17639,42503,10,0,1,1,True,False,True,2,1,0
2023-05-30,leg,17639,42503,10,0,1,1,True,False,True,3,1,0
2023-05-30,leg,17639,42503,10,0,1,1,True,False,True,4,1,0
2023-05-30,leg,17639,42503,10,0,1,1,True,False,True,5,1,0
2023-05-30,leg,17639,42503,10,0,1,1,True,False,True,6,1,0
2023-05-30,leg,17639,42503,10,0,1,1,True,False,True,7,1,0
2023-05-30,leg,17639,42503,10,0,1,1,True,False,True,8,1,0
2023-05-30,leg,17639,42503,10,0,1,1,True,False,True,9,1,0
2023-05-30,leg,17639,42503,10,0,1,1,True,False,True,10,1,0
2023-05-30,leg,17639,211609,10,0,1,1,True,False,True,1,1,0
2023-05-30,leg,17639,211609,10,0,1,1,True,False,True,2,1,0
2023-05-30,leg,17639,211609,10,0,1,1,True,False,True,3,1,0
2023-05-30,leg,17639,211609,10,0,1,1,True,False,True,4,1,0
2023-05-30,leg,17639,211609,10,0,1,1,True,False,True,5,1,0
2023-05-30,leg,17639,211609,10,0,1,1,True,False,True,6,1,0
2023-05-30,leg,17639,211609,10,0,1,1,True,False,True,7,1,0
2023-05-30,leg,17639,211609,10,0,1,1,True,False,True,8,1,0
2023-05-30,leg,17639,211609,10,0,1,1,True,False,True,9,1,0
2023-05-30,leg,17639,211609,10,0,1,1,True,False,True,10,1,0
2023-05-30,leg,56662,198590,10,0,1,1,True,True,True,1,1,0
2023-05-30,leg,56662,198590,10,0,1,1,True,True,True,2,1,0
2023-05-30,leg,56662,198590,10,0,1,1,True,True,True,3,1,0
2023-05-30,leg,56662,198590,10,0,1,1,True,True,True,4,1,0
2023-05-30,leg,56662,198590,10,0,1,1,True,True,True,5,1,0
2023-05-30,leg,56662,198590,10,0,1,1,True,True,True,6,1,0
2023-05-30,leg,56662,198590,10,0,1,1,True,True,True,7,1,0
2023-05-30,leg,56662,198590,10,0,1,1,True,True,True,8,1,0
2023-05-30,leg,56662,198590,10,0,1,1,True,True,True,9,1,0
2023-05-30,leg,56662,198590,10,0,1,1,True,True,True,10,1,0
2023-05-30,leg,17639,198777,10,0,1,1,True,False,True,1,1,0
2023-05-30,leg,17639,198777,10,0,1,1,True,False,True,2,1,0
2023-05-30,leg,17639,198777,10,0,1,1,True,False,True,3,1,0
2023-05-30,leg,17639,198777,10,0,1,1,True,False,True,4,1,0
2023-05-30,leg,17639,198777,10,0,1,1,True,False,True,5,1,0
2023-05-30,leg,17639,198777,10,0,1,1,True,False,True,6,1,0
2023-05-30,leg,17639,198777,10,0,1,1,True,False,True,7,1,0
2023-05-30,leg,17639,198777,10,0,1,1,True,False,True,8,1,0
2023-05-30,leg,17639,198777,10,0,1,1,True,False,True,9,1,0
2023-05-30,leg,17639,198777,10,0,1,1,True,False,True,10,1,0
2023-05-30,leg,17639,50087,10,0,1,1,True,False,True,1,1,0
2023-05-30,leg,17639,50087,10,0,1,1,True,False,True,2,1,0
2023-05-30,leg,17639,50087,10,0,1,1,True,False,True,3,1,0
2023-05-30,leg,17639,50087,10,0,1,1,True,False,True,4,1,0
2023-05-30,leg,17639,50087,10,0,1,1,True,False,True,5,1,0
2023-05-30,leg,17639,50087,10,0,1,1,True,False,True,6,1,0
2023-05-30,leg,17639,50087,10,0,1,1,True,False,True,7,1,0
2023-05-30,leg,17639,50087,10,0,1,1,True,False,True,8,1,0
2023-05-30,leg,17639,50087,10,0,1,1,True,False,True,9,1,0
2023-05-30,leg,17639,50087,10,0,1,1,True,False,True,10,1,0
2023-05-30,leg,5413,206446,10,0,1,1,True,False,True,1,1,0
2023-05-30,leg,5413,206446,10,0,1,1,True,False,True,2,1,0
2023-05-30,leg,5413,206446,10,0,1,1,True,False,True,3,1,0
2023-05-30,leg,5413,206446,10,0,1,1,True,False,True,4,1,0
2023-05-30,leg,5413,206446,10,0,1,1,True,False,True,5,1,0
2023-05-30,leg,5413,206446,10,0,1,1,True,False,True,6,1,0
2023-05-30,leg,5413,206446,10,0,1,1,True,False,True,7,1,0
2023-05-30,leg,5413,206446,10,0,1,1,True,False,True,8,1,0
2023-05-30,leg,5413,206446,10,0,1,1,True,False,True,9,1,0
2023-05-30,leg,5413,206446,10,0,1,1,True,False,True,10,1,0
2023-05-30,leg,28260,51088,10,0,30,"1,2,3",True,False,True,1,29,1
2023-05-30,leg,28260,51088,10,0,30,"1,2,3",True,False,True,2,29,1
2023-05-30,leg,28260,51088,10,0,30,"1,2,3",True,False,True,3,29,1
2023-05-30,leg,28260,51088,10,0,30,"1,2,3",True,False,True,4,29,1
2023-05-30,leg,28260,51088,10,0,30,"1,2,3",True,False,True,5,29,1
2023-05-30,leg,28260,51088,10,0,30,"1,2,3",True,False,True,6,29,1
2023-05-30,leg,28260,51088,10,0,30,"1,2,3",True,False,True,7,29,1
2023-05-30,leg,28260,51088,10,0,30,"1,2,3",True,False,True,8,29,1
2023-05-30,leg,28260,51088,10,0,30,"1,2,3",True,False,True,9,29,1
2023-05-30,leg,28260,51088,10,0,30,"1,2,3",True,False,True,10,29,1
2023-05-30,leg,8535,17639,10,0,1,1,True,False,True,1,1,0
2023-05-30,leg,8535,17639,10,0,1,1,True,False,True,2,1,0
2023-05-30,leg,8535,17639,10,0,1,1,True,False,True,3,1,0
2023-05-30,leg,8535,17639,10,0,1,1,True,False,True,4,1,0
2023-05-30,leg,8535,17639,10,0,1,1,True,False,True,5,1,0
2023-05-30,leg,8535,17639,10,0,1,1,True,False,True,6,1,0
2023-05-30,leg,8535,17639,10,0,1,1,True,False,True,7,1,0
2023-05-30,leg,8535,17639,10,0,1,1,True,False,True,8,1,0
2023-05-30,leg,8535,17639,10,0,1,1,True,False,True,9,1,0
2023-05-30,leg,8535,17639,10,0,1,1,True,False,True,10,1,0
2023-05-30,leg,17639,48896,10,0,1,1,True,False,True,1,1,0
2023-05-30,leg,17639,48896,10,0,1,1,True,False,True,2,1,0
2023-05-30,leg,17639,48896,10,0,1,1,True,False,True,3,1,0
2023-05-30,leg,17639,48896,10,0,1,1,True,False,True,4,1,0
2023-05-30,leg,17639,48896,10,0,1,1,True,False,True,5,1,0
2023-05-30,leg,17639,48896,10,0,1,1,True,False,True,6,1,0
2023-05-30,leg,17639,48896,10,0,1,1,True,False,True,7,1,0
2023-05-30,leg,17639,48896,10,0,1,1,True,False,True,8,1,0
2023-05-30,leg,17639,48896,10,0,1,1,True,False,True,9,1,0
2023-05-30,leg,17639,48896,10,0,1,1,True,False,True,10,1,0
2023-05-30,leg,17639,199837,10,0,1,1,True,False,True,1,1,0
2023-05-30,leg,17639,199837,10,0,1,1,True,False,True,2,1,0
2023-05-30,leg,17639,199837,10,0,1,1,True,False,True,3,1,0
2023-05-30,leg,17639,199837,10,0,1,1,True,False,True,4,1,0
2023-05-30,leg,17639,199837,10,0,1,1,True,False,True,5,1,0
2023-05-30,leg,17639,199837,10,0,1,1,True,False,True,6,1,0
2023-05-30,leg,17639,199837,10,0,1,1,True,False,True,7,1,0
2023-05-30,leg,17639,199837,10,0,1,1,True,False,True,8,1,0
2023-05-30,leg,17639,199837,10,0,1,1,True,False,True,9,1,0
2023-05-30,leg,17639,199837,10,0,1,1,True,False,True,10,1,0
2023-05-30,leg,17639,48487,10,0,1,1,True,False,True,1,1,0
2023-05-30,leg,17639,48487,10,0,1,1,True,False,True,2,1,0
2023-05-30,leg,17639,48487,10,0,1,1,True,False,True,3,1,0
2023-05-30,leg,17639,48487,10,0,1,1,True,False,True,4,1,0
2023-05-30,leg,17639,48487,10,0,1,1,True,False,True,5,1,0
2023-05-30,leg,17639,48487,10,0,1,1,True,False,True,6,1,0
2023-05-30,leg,17639,48487,10,0,1,1,True,False,True,7,1,0
2023-05-30,leg,17639,48487,10,0,1,1,True,False,True,8,1,0
2023-05-30,leg,17639,48487,10,0,1,1,True,False,True,9,1,0
2023-05-30,leg,17639,48487,10,0,1,1,True,False,True,10,1,0
2023-05-30,leg,12301,203331,10,0,57,1,True,False,False,1,57,0
2023-05-30,leg,12301,203331,10,0,57,1,True,False,False,2,57,0
2023-05-30,leg,12301,203331,10,0,57,1,True,False,False,3,57,0
2023-05-30,leg,12301,203331,10,0,57,1,True,False,False,4,57,0
2023-05-30,leg,12301,203331,10,0,57,1,True,False,False,5,57,0
2023-05-30,leg,12301,203331,10,0,57,1,True,False,False,6,57,0
2023-05-30,leg,12301,203331,10,0,57,1,True,False,False,7,57,0
2023-05-30,leg,12301,203331,10,0,57,1,True,False,False,8,57,0
2023-05-30,leg,12301,203331,10,0,57,1,True,False,False,9,57,0
2023-05-30,leg,12301,203331,10,0,57,1,True,False,False,10,57,0
2023-05-30,leg,17639,200596,10,0,1,1,True,False,True,1,1,0
2023-05-30,leg,17639,200596,10,0,1,1,True,False,True,2,1,0
2023-05-30,leg,17639,200596,10,0,1,1,True,False,True,3,1,0
2023-05-30,leg,17639,200596,10,0,1,1,True,False,True,4,1,0
2023-05-30,leg,17639,200596,10,0,1,1,True,False,True,5,1,0
2023-05-30,leg,17639,200596,10,0,1,1,True,False,True,6,1,0
2023-05-30,leg,17639,200596,10,0,1,1,True,False,True,7,1,0
2023-05-30,leg,17639,200596,10,0,1,1,True,False,True,8,1,0
2023-05-30,leg,17639,200596,10,0,1,1,True,False,True,9,1,0
2023-05-30,leg,17639,200596,10,0,1,1,True,False,True,10,1,0
2023-05-30,leg,17639,31490,10,0,1,1,True,False,True,1,1,0
2023-05-30,leg,17639,31490,10,0,1,1,True,False,True,2,1,0
2023-05-30,leg,17639,31490,10,0,1,1,True,False,True,3,1,0
2023-05-30,leg,17639,31490,10,0,1,1,True,False,True,4,1,0
2023-05-30,leg,17639,31490,10,0,1,1,True,False,True,5,1,0
2023-05-30,leg,17639,31490,10,0,1,1,True,False,True,6,1,0
2023-05-30,leg,17639,31490,10,0,1,1,True,False,True,7,1,0
2023-05-30,leg,17639,31490,10,0,1,1,True,False,True,8,1,0
2023-05-30,leg,17639,31490,10,0,1,1,True,False,True,9,1,0
2023-05-30,leg,17639,31490,10,0,1,1,True,False,True,10,1,0
2023-05-30,leg,17639,29504,10,0,1,1,True,False,True,1,1,0
2023-05-30,leg,17639,29504,10,0,1,1,True,False,True,2,1,0
2023-05-30,leg,17639,29504,10,0,1,1,True,False,True,3,1,0
2023-05-30,leg,17639,29504,10,0,1,1,True,False,True,4,1,0
2023-05-30,leg,17639,29504,10,0,1,1,True,False,True,5,1,0
2023-05-30,leg,17639,29504,10,0,1,1,True,False,True,6,1,0
2023-05-30,leg,17639,29504,10,0,1,1,True,False,True,7,1,0
2023-05-30,leg,17639,29504,10,0,1,1,True,False,True,8,1,0
2023-05-30,leg,17639,29504,10,0,1,1,True,False,True,9,1,0
2023-05-30,leg,17639,29504,10,0,1,1,True,False,True,10,1,0
2023-05-30,leg,17639,57239,10,0,1,1,True,False,True,1,1,0
2023-05-30,leg,17639,57239,10,0,1,1,True,False,True,2,1,0
2023-05-30,leg,17639,57239,10,0,1,1,True,False,True,3,1,0
2023-05-30,leg,17639,57239,10,0,1,1,True,False,True,4,1,0
2023-05-30,leg,17639,57239,10,0,1,1,True,False,True,5,1,0
2023-05-30,leg,17639,57239,10,0,1,1,True,False,True,6,1,0
2023-05-30,leg,17639,57239,10,0,1,1,True,False,True,7,1,0
2023-05-30,leg,17639,57239,10,0,1,1,True,False,True,8,1,0
2023-05-30,leg,17639,57239,10,0,1,1,True,False,True,9,1,0
2023-05-30,leg,17639,57239,10,0,1,1,True,False,True,10,1,0
2023-05-30,leg,17639,57913,10,0,1,1,True,False,True,1,1,0
2023-05-30,leg,17639,57913,10,0,1,1,True,False,True,2,1,0
2023-05-30,leg,17639,57913,10,0,1,1,True,False,True,3,1,0
2023-05-30,leg,17639,57913,10,0,1,1,True,False,True,4,1,0
2023-05-30,leg,17639,57913,10,0,1,1,True,False,True,5,1,0
2023-05-30,leg,17639,57913,10,0,1,1,True,False,True,6,1,0
2023-05-30,leg,17639,57913,10,0,1,1,True,False,True,7,1,0
2023-05-30,leg,17639,57913,10,0,1,1,True,False,True,8,1,0
2023-05-30,leg,17639,57913,10,0,1,1,True,False,True,9,1,0
2023-05-30,leg,17639,57913,10,0,1,1,True,False,True,10,1,0
2023-05-30,leg,17639,209757,10,0,1,1,True,False,True,1,1,0
2023-05-30,leg,17639,209757,10,0,1,1,True,False,True,2,1,0
2023-05-30,leg,17639,209757,10,0,1,1,True,False,True,3,1,0
2023-05-30,leg,17639,209757,10,0,1,1,True,False,True,4,1,0
2023-05-30,leg,17639,209757,10,0,1,1,True,False,True,5,1,0
2023-05-30,leg,17639,209757,10,0,1,1,True,False,True,6,1,0
2023-05-30,leg,17639,209757,10,0,1,1,True,False,True,7,1,0
2023-05-30,leg,17639,209757,10,0,1,1,True,False,True,8,1,0
2023-05-30,leg,17639,209757,10,0,1,1,True,False,True,9,1,0
2023-05-30,leg,17639,209757,10,0,1,1,True,False,True,10,1,0
2023-05-30,leg,17639,61296,10,0,1,1,True,False,True,1,1,0
2023-05-30,leg,17639,61296,10,0,1,1,True,False,True,2,1,0
2023-05-30,leg,17639,61296,10,0,1,1,True,False,True,3,1,0
2023-05-30,leg,17639,61296,10,0,1,1,True,False,True,4,1,0
2023-05-30,leg,17639,61296,10,0,1,1,True,False,True,5,1,0
2023-05-30,leg,17639,61296,10,0,1,1,True,False,True,6,1,0
2023-05-30,leg,17639,61296,10,0,1,1,True,False,True,7,1,0
2023-05-30,leg,17639,61296,10,0,1,1,True,False,True,8,1,0
2023-05-30,leg,17639,61296,10,0,1,1,True,False,True,9,1,0
2023-05-30,leg,17639,61296,10,0,1,1,True,False,True,10,1,0
2023-05-30,leg,17639,59984,10,0,2,"1,2",True,False,True,1,2,0
2023-05-30,leg,17639,59984,10,0,2,"1,2",True,False,True,2,2,0
2023-05-30,leg,17639,59984,10,0,2,"1,2",True,False,True,3,2,0
2023-05-30,leg,17639,59984,10,0,2,"1,2",True,False,True,4,2,0
2023-05-30,leg,17639,59984,10,0,2,"1,2",True,False,True,5,2,0
2023-05-30,leg,17639,59984,10,0,2,"1,2",True,False,True,6,2,0
2023-05-30,leg,17639,59984,10,0,2,"1,2",True,False,True,7,2,0
2023-05-30,leg,17639,59984,10,0,2,"1,2",True,False,True,8,2,0
2023-05-30,leg,17639,59984,10,0,2,"1,2",True,False,True,9,2,0
2023-05-30,leg,17639,59984,10,0,2,"1,2",True,False,True,10,2,0
2023-05-30,leg,17639,48464,10,0,1,2,True,False,True,1,1,0
2023-05-30,leg,17639,48464,10,0,1,2,True,False,True,2,1,0
2023-05-30,leg,17639,48464,10,0,1,2,True,False,True,3,1,0
2023-05-30,leg,17639,48464,10,0,1,2,True,False,True,4,1,0
2023-05-30,leg,17639,48464,10,0,1,2,True,False,True,5,1,0
2023-05-30,leg,17639,48464,10,0,1,2,True,False,True,6,1,0
2023-05-30,leg,17639,48464,10,0,1,2,True,False,True,7,1,0
2023-05-30,leg,17639,48464,10,0,1,2,True,False,True,8,1,0
2023-05-30,leg,17639,48464,10,0,1,2,True,False,True,9,1,0
2023-05-30,leg,17639,48464,10,0,1,2,True,False,True,10,1,0
2023-05-30,leg,17639,212911,10,0,1,1,True,False,True,1,1,0
2023-05-30,leg,17639,212911,10,0,1,1,True,False,True,2,1,0
2023-05-30,leg,17639,212911,10,0,1,1,True,False,True,3,1,0
2023-05-30,leg,17639,212911,10,0,1,1,True,False,True,4,1,0
2023-05-30,leg,17639,212911,10,0,1,1,True,False,True,5,1,0
2023-05-30,leg,17639,212911,10,0,1,1,True,False,True,6,1,0
2023-05-30,leg,17639,212911,10,0,1,1,True,False,True,7,1,0
2023-05-30,leg,17639,212911,10,0,1,1,True,False,True,8,1,0
2023-05-30,leg,17639,212911,10,0,1,1,True,False,True,9,1,0
2023-05-30,leg,17639,212911,10,0,1,1,True,False,True,10,1,0
2023-05-30,leg,293,20253,10,0,1,1,True,False,True,1,1,0
2023-05-30,leg,293,20253,10,0,1,1,True,False,True,2,1,0
2023-05-30,leg,293,20253,10,0,1,1,True,False,True,3,1,0
2023-05-30,leg,293,20253,10,0,1,1,True,False,True,4,1,0
2023-05-30,leg,293,20253,10,0,1,1,True,False,True,5,1,0
2023-05-30,leg,293,20253,10,0,1,1,True,False,True,6,1,0
2023-05-30,leg,293,20253,10,0,1,1,True,False,True,7,1,0
2023-05-30,leg,293,20253,10,0,1,1,True,False,True,8,1,0
2023-05-30,leg,293,20253,10,0,1,1,True,False,True,9,1,0
2023-05-30,leg,293,20253,10,0,1,1,True,False,True,10,1,0
2023-05-30,leg,17639,200573,10,0,1,1,True,False,True,1,1,0
2023-05-30,leg,17639,200573,10,0,1,1,True,False,True,2,1,0
2023-05-30,leg,17639,200573,10,0,1,1,True,False,True,3,1,0
2023-05-30,leg,17639,200573,10,0,1,1,True,False,True,4,1,0
2023-05-30,leg,17639,200573,10,0,1,1,True,False,True,5,1,0
2023-05-30,leg,17639,200573,10,0,1,1,True,False,True,6,1,0
2023-05-30,leg,17639,200573,10,0,1,1,True,False,True,7,1,0
2023-05-30,leg,17639,200573,10,0,1,1,True,False,True,8,1,0
2023-05-30,leg,17639,200573,10,0,1,1,True,False,True,9,1,0
2023-05-30,leg,17639,200573,10,0,1,1,True,False,True,10,1,0
2023-05-30,leg,17639,59611,10,0,1,1,True,False,True,1,1,0
2023-05-30,leg,17639,59611,10,0,1,1,True,False,True,2,1,0
2023-05-30,leg,17639,59611,10,0,1,1,True,False,True,3,1,0
2023-05-30,leg,17639,59611,10,0,1,1,True,False,True,4,1,0
2023-05-30,leg,17639,59611,10,0,1,1,True,False,True,5,1,0
2023-05-30,leg,17639,59611,10,0,1,1,True,False,True,6,1,0
2023-05-30,leg,17639,59611,10,0,1,1,True,False,True,7,1,0
2023-05-30,leg,17639,59611,10,0,1,1,True,False,True,8,1,0
2023-05-30,leg,17639,59611,10,0,1,1,True,False,True,9,1,0
2023-05-30,leg,17639,59611,10,0,1,1,True,False,True,10,1,0
2023-05-30,leg,17639,203462,10,0,2,"1,2",True,False,True,1,2,0
2023-05-30,leg,17639,203462,10,0,2,"1,2",True,False,True,2,2,0
2023-05-30,leg,17639,203462,10,0,2,"1,2",True,False,True,3,2,0
2023-05-30,leg,17639,203462,10,0,2,"1,2",True,False,True,4,2,0
2023-05-30,leg,17639,203462,10,0,2,"1,2",True,False,True,5,2,0
2023-05-30,leg,17639,203462,10,0,2,"1,2",True,False,True,6,2,0
2023-05-30,leg,17639,203462,10,0,2,"1,2",True,False,True,7,2,0
2023-05-30,leg,17639,203462,10,0,2,"1,2",True,False,True,8,2,0
2023-05-30,leg,17639,203462,10,0,2,"1,2",True,False,True,9,2,0
2023-05-30,leg,17639,203462,10,0,2,"1,2",True,False,True,10,2,0
2023-05-30,leg,60171,328917,10,0,1,1,True,False,False,1,1,0
2023-05-30,leg,60171,328917,10,0,1,1,True,False,False,2,1,0
2023-05-30,leg,60171,328917,10,0,1,1,True,False,False,3,1,0
2023-05-30,leg,60171,328917,10,0,1,1,True,False,False,4,1,0
2023-05-30,leg,60171,328917,10,0,1,1,True,False,False,5,1,0
2023-05-30,leg,60171,328917,10,0,1,1,True,False,False,6,1,0
2023-05-30,leg,60171,328917,10,0,1,1,True,False,False,7,1,0
2023-05-30,leg,60171,328917,10,0,1,1,True,False,False,8,1,0
2023-05-30,leg,60171,328917,10,0,1,1,True,False,False,9,1,0
2023-05-30,leg,60171,328917,10,0,1,1,True,False,False,10,1,0
2023-05-30,leg,17639,35115,10,0,1,1,True,False,True,1,1,0
2023-05-30,leg,17639,35115,10,0,1,1,True,False,True,2,1,0
2023-05-30,leg,17639,35115,10,0,1,1,True,False,True,3,1,0
2023-05-30,leg,17639,35115,10,0,1,1,True,False,True,4,1,0
2023-05-30,leg,17639,35115,10,0,1,1,True,False,True,5,1,0
2023-05-30,leg,17639,35115,10,0,1,1,True,False,True,6,1,0
2023-05-30,leg,17639,35115,10,0,1,1,True,False,True,7,1,0
2023-05-30,leg,17639,35115,10,0,1,1,True,False,True,8,1,0
2023-05-30,leg,17639,35115,10,0,1,1,True,False,True,9,1,0
2023-05-30,leg,17639,35115,10,0,1,1,True,False,True,10,1,0
2023-05-30,leg,17639,264939,10,0,1,5,True,False,True,1,1,0
2023-05-30,leg,17639,264939,10,0,1,5,True,False,True,2,1,0
2023-05-30,leg,17639,264939,10,0,1,5,True,False,True,3,1,0
2023-05-30,leg,17639,264939,10,0,1,5,True,False,True,4,1,0
2023-05-30,leg,17639,264939,10,0,1,5,True,False,True,5,1,0
2023-05-30,leg,17639,264939,10,0,1,5,True,False,True,6,1,0
2023-05-30,leg,17639,264939,10,0,1,5,True,False,True,7,1,0
2023-05-30,leg,17639,264939,10,0,1,5,True,False,True,8,1,0
2023-05-30,leg,17639,264939,10,0,1,5,True,False,True,9,1,0
2023-05-30,leg,17639,264939,10,0,1,5,True,False,True,10,1,0
2023-05-30,leg,17639,202042,10,0,1,1,True,False,True,1,1,0
2023-05-30,leg,17639,202042,10,0,1,1,True,False,True,2,1,0
2023-05-30,leg,17639,202042,10,0,1,1,True,False,True,3,1,0
2023-05-30,leg,17639,202042,10,0,1,1,True,False,True,4,1,0
2023-05-30,leg,17639,202042,10,0,1,1,True,False,True,5,1,0
2023-05-30,leg,17639,202042,10,0,1,1,True,False,True,6,1,0
2023-05-30,leg,17639,202042,10,0,1,1,True,False,True,7,1,0
2023-05-30,leg,17639,202042,10,0,1,1,True,False,True,8,1,0
2023-05-30,leg,17639,202042,10,0,1,1,True,False,True,9,1,0
2023-05-30,leg,17639,202042,10,0,1,1,True,False,True,10,1,0
2023-05-30,leg,17639,205160,10,0,1,1,True,False,True,1,1,0
2023-05-30,leg,17639,205160,10,0,1,1,True,False,True,2,1,0
2023-05-30,leg,17639,205160,10,0,1,1,True,False,True,3,1,0
2023-05-30,leg,17639,205160,10,0,1,1,True,False,True,4,1,0
2023-05-30,leg,17639,205160,10,0,1,1,True,False,True,5,1,0
2023-05-30,leg,17639,205160,10,0,1,1,True,False,True,6,1,0
2023-05-30,leg,17639,205160,10,0,1,1,True,False,True,7,1,0
2023-05-30,leg,17639,205160,10,0,1,1,True,False,True,8,1,0
2023-05-30,leg,17639,205160,10,0,1,1,True,False,True,9,1,0
2023-05-30,leg,17639,205160,10,0,1,1,True,False,True,10,1,0
2023-05-30,leg,33480,135806,10,0,124,3,True,False,False,1,124,0
2023-05-30,leg,33480,135806,10,0,124,3,True,False,False,2,124,0
2023-05-30,leg,33480,135806,10,0,124,3,True,False,False,3,124,0
2023-05-30,leg,33480,135806,10,0,124,3,True,False,False,4,124,0
2023-05-30,leg,33480,135806,10,0,124,3,True,False,False,5,124,0
2023-05-30,leg,33480,135806,10,0,124,3,True,False,False,6,124,0
2023-05-30,leg,33480,135806,10,0,124,3,True,False,False,7,124,0
2023-05-30,leg,33480,135806,10,0,124,3,True,False,False,8,124,0
2023-05-30,leg,33480,135806,10,0,124,3,True,False,False,9,124,0
2023-05-30,leg,33480,135806,10,0,124,3,True,False,False,10,124,0
2023-05-30,leg,3255,12963,10,0,2,2,True,False,False,1,2,0
2023-05-30,leg,3255,12963,10,0,2,2,True,False,False,2,2,0
2023-05-30,leg,3255,12963,10,0,2,2,True,False,False,3,2,0
2023-05-30,leg,3255,12963,10,0,2,2,True,False,False,4,2,0
2023-05-30,leg,3255,12963,10,0,2,2,True,False,False,5,2,0
2023-05-30,leg,3255,12963,10,0,2,2,True,False,False,6,2,0
2023-05-30,leg,3255,12963,10,0,2,2,True,False,False,7,2,0
2023-05-30,leg,3255,12963,10,0,2,2,True,False,False,8,2,0
2023-05-30,leg,3255,12963,10,0,2,2,True,False,False,9,2,0
2023-05-30,leg,3255,12963,10,0,2,2,True,False,False,10,2,0
2023-05-30,leg,30844,329095,10,0,1,1,True,False,False,1,1,0
2023-05-30,leg,30844,329095,10,0,1,1,True,False,False,2,1,0
2023-05-30,leg,30844,329095,10,0,1,1,True,False,False,3,1,0
2023-05-30,leg,30844,329095,10,0,1,1,True,False,False,4,1,0
2023-05-30,leg,30844,329095,10,0,1,1,True,False,False,5,1,0
2023-05-30,leg,30844,329095,10,0,1,1,True,False,False,6,1,0
2023-05-30,leg,30844,329095,10,0,1,1,True,False,False,7,1,0
2023-05-30,leg,30844,329095,10,0,1,1,True,False,False,8,1,0
2023-05-30,leg,30844,329095,10,0,1,1,True,False,False,9,1,0
2023-05-30,leg,30844,329095,10,0,1,1,True,False,False,10,1,0
2023-05-30,leg,17639,208808,10,0,1,1,True,False,True,1,1,0
2023-05-30,leg,17639,208808,10,0,1,1,True,False,True,2,1,0
2023-05-30,leg,17639,208808,10,0,1,1,True,False,True,3,1,0
2023-05-30,leg,17639,208808,10,0,1,1,True,False,True,4,1,0
2023-05-30,leg,17639,208808,10,0,1,1,True,False,True,5,1,0
2023-05-30,leg,17639,208808,10,0,1,1,True,False,True,6,1,0
2023-05-30,leg,17639,208808,10,0,1,1,True,False,True,7,1,0
2023-05-30,leg,17639,208808,10,0,1,1,True,False,True,8,1,0
2023-05-30,leg,17639,208808,10,0,1,1,True,False,True,9,1,0
2023-05-30,leg,17639,208808,10,0,1,1,True,False,True,10,1,0
2023-05-30,leg,48642,57277,10,0,1,1,True,False,False,1,1,0
2023-05-30,leg,48642,57277,10,0,1,1,True,False,False,2,1,0
2023-05-30,leg,48642,57277,10,0,1,1,True,False,False,3,1,0
2023-05-30,leg,48642,57277,10,0,1,1,True,False,False,4,1,0
2023-05-30,leg,48642,57277,10,0,1,1,True,False,False,5,1,0
2023-05-30,leg,48642,57277,10,0,1,1,True,False,False,6,1,0
2023-05-30,leg,48642,57277,10,0,1,1,True,False,False,7,1,0
2023-05-30,leg,48642,57277,10,0,1,1,True,False,False,8,1,0
2023-05-30,leg,48642,57277,10,0,1,1,True,False,False,9,1,0
2023-05-30,leg,48642,57277,10,0,1,1,True,False,False,10,1,0
2023-05-30,leg,17639,23114,10,0,1,1,True,False,True,1,1,0
2023-05-30,leg,17639,23114,10,0,1,1,True,False,True,2,1,0
2023-05-30,leg,17639,23114,10,0,1,1,True,False,True,3,1,0
2023-05-30,leg,17639,23114,10,0,1,1,True,False,True,4,1,0
2023-05-30,leg,17639,23114,10,0,1,1,True,False,True,5,1,0
2023-05-30,leg,17639,23114,10,0,1,1,True,False,True,6,1,0
2023-05-30,leg,17639,23114,10,0,1,1,True,False,True,7,1,0
2023-05-30,leg,17639,23114,10,0,1,1,True,False,True,8,1,0
2023-05-30,leg,17639,23114,10,0,1,1,True,False,True,9,1,0
2023-05-30,leg,17639,23114,10,0,1,1,True,False,True,10,1,0
2023-05-30,leg,9930,25160,10,0,1,3,True,False,False,1,1,0
2023-05-30,leg,9930,25160,10,0,1,3,True,False,False,2,1,0
2023-05-30,leg,9930,25160,10,0,1,3,True,False,False,3,1,0
2023-05-30,leg,9930,25160,10,0,1,3,True,False,False,4,1,0
2023-05-30,leg,9930,25160,10,0,1,3,True,False,False,5,1,0
2023-05-30,leg,9930,25160,10,0,1,3,True,False,False,6,1,0
2023-05-30,leg,9930,25160,10,0,1,3,True,False,False,7,1,0
2023-05-30,leg,9930,25160,10,0,1,3,True,False,False,8,1,0
2023-05-30,leg,9930,25160,10,0,1,3,True,False,False,9,1,0
2023-05-30,leg,9930,25160,10,0,1,3,True,False,False,10,1,0
2023-05-30,leg,262589,271093,10,0,2,1,True,False,False,1,2,0
2023-05-30,leg,262589,271093,10,0,2,1,True,False,False,2,2,0
2023-05-30,leg,262589,271093,10,0,2,1,True,False,False,3,2,0
2023-05-30,leg,262589,271093,10,0,2,1,True,False,False,4,2,0
2023-05-30,leg,262589,271093,10,0,2,1,True,False,False,5,2,0
2023-05-30,leg,262589,271093,10,0,2,1,True,False,False,6,2,0
2023-05-30,leg,262589,271093,10,0,2,1,True,False,False,7,2,0
2023-05-30,leg,262589,271093,10,0,2,1,True,False,False,8,2,0
2023-05-30,leg,262589,271093,10,0,2,1,True,False,False,9,2,0
2023-05-30,leg,262589,271093,10,0,2,1,True,False,False,10,2,0
2023-05-30,leg,3204,211042,10,0,1,1,True,False,False,1,1,0
2023-05-30,leg,3204,211042,10,0,1,1,True,False,False,2,1,0
2023-05-30,leg,3204,211042,10,0,1,1,True,False,False,3,1,0
2023-05-30,leg,3204,211042,10,0,1,1,True,False,False,4,1,0
2023-05-30,leg,3204,211042,10,0,1,1,True,False,False,5,1,0
2023-05-30,leg,3204,211042,10,0,1,1,True,False,False,6,1,0
2023-05-30,leg,3204,211042,10,0,1,1,True,False,False,7,1,0
2023-05-30,leg,3204,211042,10,0,1,1,True,False,False,8,1,0
2023-05-30,leg,3204,211042,10,0,1,1,True,False,False,9,1,0
2023-05-30,leg,3204,211042,10,0,1,1,True,False,False,10,1,0
2023-05-30,leg,17639,203596,10,0,2,"1,2",True,False,True,1,2,0
2023-05-30,leg,17639,203596,10,0,2,"1,2",True,False,True,2,2,0
2023-05-30,leg,17639,203596,10,0,2,"1,2",True,False,True,3,2,0
2023-05-30,leg,17639,203596,10,0,2,"1,2",True,False,True,4,2,0
2023-05-30,leg,17639,203596,10,0,2,"1,2",True,False,True,5,2,0
2023-05-30,leg,17639,203596,10,0,2,"1,2",True,False,True,6,2,0
2023-05-30,leg,17639,203596,10,0,2,"1,2",True,False,True,7,2,0
2023-05-30,leg,17639,203596,10,0,2,"1,2",True,False,True,8,2,0
2023-05-30,leg,17639,203596,10,0,2,"1,2",True,False,True,9,2,0
2023-05-30,leg,17639,203596,10,0,2,"1,2",True,False,True,10,2,0
2023-05-30,leg,28227,263152,10,0,1,1,True,False,True,1,1,0
2023-05-30,leg,28227,263152,10,0,1,1,True,False,True,2,1,0
2023-05-30,leg,28227,263152,10,0,1,1,True,False,True,3,1,0
2023-05-30,leg,28227,263152,10,0,1,1,True,False,True,4,1,0
2023-05-30,leg,28227,263152,10,0,1,1,True,False,True,5,1,0
2023-05-30,leg,28227,263152,10,0,1,1,True,False,True,6,1,0
2023-05-30,leg,28227,263152,10,0,1,1,True,False,True,7,1,0
2023-05-30,leg,28227,263152,10,0,1,1,True,False,True,8,1,0
2023-05-30,leg,28227,263152,10,0,1,1,True,False,True,9,1,0
2023-05-30,leg,28227,263152,10,0,1,1,True,False,True,10,1,0
2023-05-30,leg,17639,199660,10,0,1,1,True,False,True,1,1,0
2023-05-30,leg,17639,199660,10,0,1,1,True,False,True,2,1,0
2023-05-30,leg,17639,199660,10,0,1,1,True,False,True,3,1,0
2023-05-30,leg,17639,199660,10,0,1,1,True,False,True,4,1,0
2023-05-30,leg,17639,199660,10,0,1,1,True,False,True,5,1,0
2023-05-30,leg,17639,199660,10,0,1,1,True,False,True,6,1,0
2023-05-30,leg,17639,199660,10,0,1,1,True,False,True,7,1,0
2023-05-30,leg,17639,199660,10,0,1,1,True,False,True,8,1,0
2023-05-30,leg,17639,199660,10,0,1,1,True,False,True,9,1,0
2023-05-30,leg,17639,199660,10,0,1,1,True,False,True,10,1,0
2023-05-30,leg,45489,206446,10,0,1,1,True,False,True,1,1,0
2023-05-30,leg,45489,206446,10,0,1,1,True,False,True,2,1,0
2023-05-30,leg,45489,206446,10,0,1,1,True,False,True,3,1,0
2023-05-30,leg,45489,206446,10,0,1,1,True,False,True,4,1,0
2023-05-30,leg,45489,206446,10,0,1,1,True,False,True,5,1,0
2023-05-30,leg,45489,206446,10,0,1,1,True,False,True,6,1,0
2023-05-30,leg,45489,206446,10,0,1,1,True,False,True,7,1,0
2023-05-30,leg,45489,206446,10,0,1,1,True,False,True,8,1,0
2023-05-30,leg,45489,206446,10,0,1,1,True,False,True,9,1,0
2023-05-30,leg,45489,206446,10,0,1,1,True,False,True,10,1,0
2023-05-30,leg,293,26744,10,0,1,1,True,False,True,1,1,0
2023-05-30,leg,293,26744,10,0,1,1,True,False,True,2,1,0
2023-05-30,leg,293,26744,10,0,1,1,True,False,True,3,1,0
2023-05-30,leg,293,26744,10,0,1,1,True,False,True,4,1,0
2023-05-30,leg,293,26744,10,0,1,1,True,False,True,5,1,0
2023-05-30,leg,293,26744,10,0,1,1,True,False,True,6,1,0
2023-05-30,leg,293,26744,10,0,1,1,True,False,True,7,1,0
2023-05-30,leg,293,26744,10,0,1,1,True,False,True,8,1,0
2023-05-30,leg,293,26744,10,0,1,1,True,False,True,9,1,0
2023-05-30,leg,293,26744,10,0,1,1,True,False,True,10,1,0
2023-05-30,leg,17639,202140,10,0,1,1,True,False,True,1,1,0
2023-05-30,leg,17639,202140,10,0,1,1,True,False,True,2,1,0
2023-05-30,leg,17639,202140,10,0,1,1,True,False,True,3,1,0
2023-05-30,leg,17639,202140,10,0,1,1,True,False,True,4,1,0
2023-05-30,leg,17639,202140,10,0,1,1,True,False,True,5,1,0
2023-05-30,leg,17639,202140,10,0,1,1,True,False,True,6,1,0
2023-05-30,leg,17639,202140,10,0,1,1,True,False,True,7,1,0
2023-05-30,leg,17639,202140,10,0,1,1,True,False,True,8,1,0
2023-05-30,leg,17639,202140,10,0,1,1,True,False,True,9,1,0
2023-05-30,leg,17639,202140,10,0,1,1,True,False,True,10,1,0
2023-05-30,leg,17639,41930,10,0,1,1,True,False,True,1,1,0
2023-05-30,leg,17639,41930,10,0,1,1,True,False,True,2,1,0
2023-05-30,leg,17639,41930,10,0,1,1,True,False,True,3,1,0
2023-05-30,leg,17639,41930,10,0,1,1,True,False,True,4,1,0
2023-05-30,leg,17639,41930,10,0,1,1,True,False,True,5,1,0
2023-05-30,leg,17639,41930,10,0,1,1,True,False,True,6,1,0
2023-05-30,leg,17639,41930,10,0,1,1,True,False,True,7,1,0
2023-05-30,leg,17639,41930,10,0,1,1,True,False,True,8,1,0
2023-05-30,leg,17639,41930,10,0,1,1,True,False,True,9,1,0
2023-05-30,leg,17639,41930,10,0,1,1,True,False,True,10,1,0
2023-05-30,leg,17639,400414,10,0,1,1,True,False,True,1,1,0
2023-05-30,leg,17639,400414,10,0,1,1,True,False,True,2,1,0
2023-05-30,leg,17639,400414,10,0,1,1,True,False,True,3,1,0
2023-05-30,leg,17639,400414,10,0,1,1,True,False,True,4,1,0
2023-05-30,leg,17639,400414,10,0,1,1,True,False,True,5,1,0
2023-05-30,leg,17639,400414,10,0,1,1,True,False,True,6,1,0
2023-05-30,leg,17639,400414,10,0,1,1,True,False,True,7,1,0
2023-05-30,leg,17639,400414,10,0,1,1,True,False,True,8,1,0
2023-05-30,leg,17639,400414,10,0,1,1,True,False,True,9,1,0
2023-05-30,leg,17639,400414,10,0,1,1,True,False,True,10,1,0
2023-05-30,leg,293,54600,10,0,1,1,True,False,True,1,1,0
2023-05-30,leg,293,54600,10,0,1,1,True,False,True,2,1,0
2023-05-30,leg,293,54600,10,0,1,1,True,False,True,3,1,0
2023-05-30,leg,293,54600,10,0,1,1,True,False,True,4,1,0
2023-05-30,leg,293,54600,10,0,1,1,True,False,True,5,1,0
2023-05-30,leg,293,54600,10,0,1,1,True,False,True,6,1,0
2023-05-30,leg,293,54600,10,0,1,1,True,False,True,7,1,0
2023-05-30,leg,293,54600,10,0,1,1,True,False,True,8,1,0
2023-05-30,leg,293,54600,10,0,1,1,True,False,True,9,1,0
2023-05-30,leg,293,54600,10,0,1,1,True,False,True,10,1,0
2023-05-30,leg,39120,329036,10,0,1,1,True,False,True,1,1,0
2023-05-30,leg,39120,329036,10,0,1,1,True,False,True,2,1,0
2023-05-30,leg,39120,329036,10,0,1,1,True,False,True,3,1,0
2023-05-30,leg,39120,329036,10,0,1,1,True,False,True,4,1,0
2023-05-30,leg,39120,329036,10,0,1,1,True,False,True,5,1,0
2023-05-30,leg,39120,329036,10,0,1,1,True,False,True,6,1,0
2023-05-30,leg,39120,329036,10,0,1,1,True,False,True,7,1,0
2023-05-30,leg,39120,329036,10,0,1,1,True,False,True,8,1,0
2023-05-30,leg,39120,329036,10,0,1,1,True,False,True,9,1,0
2023-05-30,leg,39120,329036,10,0,1,1,True,False,True,10,1,0
2023-05-30,leg,17639,197013,10,0,1,1,True,False,True,1,1,0
2023-05-30,leg,17639,197013,10,0,1,1,True,False,True,2,1,0
2023-05-30,leg,17639,197013,10,0,1,1,True,False,True,3,1,0
2023-05-30,leg,17639,197013,10,0,1,1,True,False,True,4,1,0
2023-05-30,leg,17639,197013,10,0,1,1,True,False,True,5,1,0
2023-05-30,leg,17639,197013,10,0,1,1,True,False,True,6,1,0
2023-05-30,leg,17639,197013,10,0,1,1,True,False,True,7,1,0
2023-05-30,leg,17639,197013,10,0,1,1,True,False,True,8,1,0
2023-05-30,leg,17639,197013,10,0,1,1,True,False,True,9,1,0
2023-05-30,leg,17639,197013,10,0,1,1,True,False,True,10,1,0
2023-05-30,leg,17639,44796,10,0,1,1,True,False,True,1,1,0
2023-05-30,leg,17639,44796,10,0,1,1,True,False,True,2,1,0
2023-05-30,leg,17639,44796,10,0,1,1,True,False,True,3,1,0
2023-05-30,leg,17639,44796,10,0,1,1,True,False,True,4,1,0
2023-05-30,leg,17639,44796,10,0,1,1,True,False,True,5,1,0
2023-05-30,leg,17639,44796,10,0,1,1,True,False,True,6,1,0
2023-05-30,leg,17639,44796,10,0,1,1,True,False,True,7,1,0
2023-05-30,leg,17639,44796,10,0,1,1,True,False,True,8,1,0
2023-05-30,leg,17639,44796,10,0,1,1,True,False,True,9,1,0
2023-05-30,leg,17639,44796,10,0,1,1,True,False,True,10,1,0
2023-05-30,leg,17639,208389,10,0,1,1,True,False,True,1,1,0
2023-05-30,leg,17639,208389,10,0,1,1,True,False,True,2,1,0
2023-05-30,leg,17639,208389,10,0,1,1,True,False,True,3,1,0
2023-05-30,leg,17639,208389,10,0,1,1,True,False,True,4,1,0
2023-05-30,leg,17639,208389,10,0,1,1,True,False,True,5,1,0
2023-05-30,leg,17639,208389,10,0,1,1,True,False,True,6,1,0
2023-05-30,leg,17639,208389,10,0,1,1,True,False,True,7,1,0
2023-05-30,leg,17639,208389,10,0,1,1,True,False,True,8,1,0
2023-05-30,leg,17639,208389,10,0,1,1,True,False,True,9,1,0
2023-05-30,leg,17639,208389,10,0,1,1,True,False,True,10,1,0
2023-05-30,leg,1916,271727,10,0,1,1,True,False,False,1,1,0
2023-05-30,leg,1916,271727,10,0,1,1,True,False,False,2,1,0
2023-05-30,leg,1916,271727,10,0,1,1,True,False,False,3,1,0
2023-05-30,leg,1916,271727,10,0,1,1,True,False,False,4,1,0
2023-05-30,leg,1916,271727,10,0,1,1,True,False,False,5,1,0
2023-05-30,leg,1916,271727,10,0,1,1,True,False,False,6,1,0
2023-05-30,leg,1916,271727,10,0,1,1,True,False,False,7,1,0
2023-05-30,leg,1916,271727,10,0,1,1,True,False,False,8,1,0
2023-05-30,leg,1916,271727,10,0,1,1,True,False,False,9,1,0
2023-05-30,leg,1916,271727,10,0,1,1,True,False,False,10,1,0
2023-05-30,leg,20804,61157,10,0,1,2,True,False,False,1,1,0
2023-05-30,leg,20804,61157,10,0,1,2,True,False,False,2,1,0
2023-05-30,leg,20804,61157,10,0,1,2,True,False,False,3,1,0
2023-05-30,leg,20804,61157,10,0,1,2,True,False,False,4,1,0
2023-05-30,leg,20804,61157,10,0,1,2,True,False,False,5,1,0
2023-05-30,leg,20804,61157,10,0,1,2,True,False,False,6,1,0
2023-05-30,leg,20804,61157,10,0,1,2,True,False,False,7,1,0
2023-05-30,leg,20804,61157,10,0,1,2,True,False,False,8,1,0
2023-05-30,leg,20804,61157,10,0,1,2,True,False,False,9,1,0
2023-05-30,leg,20804,61157,10,0,1,2,True,False,False,10,1,0
2023-05-30,leg,17639,59699,10,0,6,"1,2",True,False,True,1,6,0
2023-05-30,leg,17639,59699,10,0,6,"1,2",True,False,True,2,6,0
2023-05-30,leg,17639,59699,10,0,6,"1,2",True,False,True,3,6,0
2023-05-30,leg,17639,59699,10,0,6,"1,2",True,False,True,4,6,0
2023-05-30,leg,17639,59699,10,0,6,"1,2",True,False,True,5,6,0
2023-05-30,leg,17639,59699,10,0,6,"1,2",True,False,True,6,6,0
2023-05-30,leg,17639,59699,10,0,6,"1,2",True,False,True,7,6,0
2023-05-30,leg,17639,59699,10,0,6,"1,2",True,False,True,8,6,0
2023-05-30,leg,17639,59699,10,0,6,"1,2",True,False,True,9,6,0
2023-05-30,leg,17639,59699,10,0,6,"1,2",True,False,True,10,6,0
2023-05-30,leg,17639,203815,10,0,1,1,True,False,True,1,1,0
2023-05-30,leg,17639,203815,10,0,1,1,True,False,True,2,1,0
2023-05-30,leg,17639,203815,10,0,1,1,True,False,True,3,1,0
2023-05-30,leg,17639,203815,10,0,1,1,True,False,True,4,1,0
2023-05-30,leg,17639,203815,10,0,1,1,True,False,True,5,1,0
2023-05-30,leg,17639,203815,10,0,1,1,True,False,True,6,1,0
2023-05-30,leg,17639,203815,10,0,1,1,True,False,True,7,1,0
2023-05-30,leg,17639,203815,10,0,1,1,True,False,True,8,1,0
2023-05-30,leg,17639,203815,10,0,1,1,True,False,True,9,1,0
2023-05-30,leg,17639,203815,10,0,1,1,True,False,True,10,1,0
2023-05-30,leg,30860,31469,10,0,138,1,False,False,False,1,138,0
2023-05-30,leg,30860,31469,10,0,138,1,False,False,False,2,138,0
2023-05-30,leg,30860,31469,10,0,138,1,False,False,False,3,138,0
2023-05-30,leg,30860,31469,10,0,138,1,False,False,False,4,138,0
2023-05-30,leg,30860,31469,10,0,138,1,False,False,False,5,138,0
2023-05-30,leg,30860,31469,10,0,138,1,False,False,False,6,138,0
2023-05-30,leg,30860,31469,10,0,138,1,False,False,False,7,138,0
2023-05-30,leg,30860,31469,10,0,138,1,False,False,False,8,138,0
2023-05-30,leg,30860,31469,10,0,138,1,False,False,False,9,138,0
2023-05-30,leg,30860,31469,10,0,138,1,False,False,False,10,138,0
2023-05-30,leg,37468,206446,10,0,2,1,True,False,False,1,2,0
2023-05-30,leg,37468,206446,10,0,2,1,True,False,False,2,2,0
2023-05-30,leg,37468,206446,10,0,2,1,True,False,False,3,2,0
2023-05-30,leg,37468,206446,10,0,2,1,True,False,False,4,2,0
2023-05-30,leg,37468,206446,10,0,2,1,True,False,False,5,2,0
2023-05-30,leg,37468,206446,10,0,2,1,True,False,False,6,2,0
2023-05-30,leg,37468,206446,10,0,2,1,True,False,False,7,2,0
2023-05-30,leg,37468,206446,10,0,2,1,True,False,False,8,2,0
2023-05-30,leg,37468,206446,10,0,2,1,True,False,False,9,2,0
2023-05-30,leg,37468,206446,10,0,2,1,True,False,False,10,2,0
2023-05-30,leg,39120,269499,10,0,1,1,True,False,True,1,1,0
2023-05-30,leg,39120,269499,10,0,1,1,True,False,True,2,1,0
2023-05-30,leg,39120,269499,10,0,1,1,True,False,True,3,1,0
2023-05-30,leg,39120,269499,10,0,1,1,True,False,True,4,1,0
2023-05-30,leg,39120,269499,10,0,1,1,True,False,True,5,1,0
2023-05-30,leg,39120,269499,10,0,1,1,True,False,True,6,1,0
2023-05-30,leg,39120,269499,10,0,1,1,True,False,True,7,1,0
2023-05-30,leg,39120,269499,10,0,1,1,True,False,True,8,1,0
2023-05-30,leg,39120,269499,10,0,1,1,True,False,True,9,1,0
2023-05-30,leg,39120,269499,10,0,1,1,True,False,True,10,1,0
2023-05-30,leg,17639,200409,10,0,1,1,True,False,True,1,1,0
2023-05-30,leg,17639,200409,10,0,1,1,True,False,True,2,1,0
2023-05-30,leg,17639,200409,10,0,1,1,True,False,True,3,1,0
2023-05-30,leg,17639,200409,10,0,1,1,True,False,True,4,1,0
2023-05-30,leg,17639,200409,10,0,1,1,True,False,True,5,1,0
2023-05-30,leg,17639,200409,10,0,1,1,True,False,True,6,1,0
2023-05-30,leg,17639,200409,10,0,1,1,True,False,True,7,1,0
2023-05-30,leg,17639,200409,10,0,1,1,True,False,True,8,1,0
2023-05-30,leg,17639,200409,10,0,1,1,True,False,True,9,1,0
2023-05-30,leg,17639,200409,10,0,1,1,True,False,True,10,1,0
2023-05-30,leg,17639,47927,10,0,1,1,True,False,True,1,1,0
2023-05-30,leg,17639,47927,10,0,1,1,True,False,True,2,1,0
2023-05-30,leg,17639,47927,10,0,1,1,True,False,True,3,1,0
2023-05-30,leg,17639,47927,10,0,1,1,True,False,True,4,1,0
2023-05-30,leg,17639,47927,10,0,1,1,True,False,True,5,1,0
2023-05-30,leg,17639,47927,10,0,1,1,True,False,True,6,1,0
2023-05-30,leg,17639,47927,10,0,1,1,True,False,True,7,1,0
2023-05-30,leg,17639,47927,10,0,1,1,True,False,True,8,1,0
2023-05-30,leg,17639,47927,10,0,1,1,True,False,True,9,1,0
2023-05-30,leg,17639,47927,10,0,1,1,True,False,True,10,1,0
2023-05-30,leg,18747,27796,10,0,8,2,True,False,False,1,8,0
2023-05-30,leg,18747,27796,10,0,8,2,True,False,False,2,8,0
2023-05-30,leg,18747,27796,10,0,8,2,True,False,False,3,8,0
2023-05-30,leg,18747,27796,10,0,8,2,True,False,False,4,8,0
2023-05-30,leg,18747,27796,10,0,8,2,True,False,False,5,8,0
2023-05-30,leg,18747,27796,10,0,8,2,True,False,False,6,8,0
2023-05-30,leg,18747,27796,10,0,8,2,True,False,False,7,8,0
2023-05-30,leg,18747,27796,10,0,8,2,True,False,False,8,8,0
2023-05-30,leg,18747,27796,10,0,8,2,True,False,False,9,8,0
2023-05-30,leg,18747,27796,10,0,8,2,True,False,False,10,8,0
2023-05-30,leg,17639,60350,10,0,1,1,True,False,True,1,1,0
2023-05-30,leg,17639,60350,10,0,1,1,True,False,True,2,1,0
2023-05-30,leg,17639,60350,10,0,1,1,True,False,True,3,1,0
2023-05-30,leg,17639,60350,10,0,1,1,True,False,True,4,1,0
2023-05-30,leg,17639,60350,10,0,1,1,True,False,True,5,1,0
2023-05-30,leg,17639,60350,10,0,1,1,True,False,True,6,1,0
2023-05-30,leg,17639,60350,10,0,1,1,True,False,True,7,1,0
2023-05-30,leg,17639,60350,10,0,1,1,True,False,True,8,1,0
2023-05-30,leg,17639,60350,10,0,1,1,True,False,True,9,1,0
2023-05-30,leg,17639,60350,10,0,1,1,True,False,True,10,1,0
2023-05-30,leg,17639,51948,10,0,1,1,True,False,True,1,1,0
2023-05-30,leg,17639,51948,10,0,1,1,True,False,True,2,1,0
2023-05-30,leg,17639,51948,10,0,1,1,True,False,True,3,1,0
2023-05-30,leg,17639,51948,10,0,1,1,True,False,True,4,1,0
2023-05-30,leg,17639,51948,10,0,1,1,True,False,True,5,1,0
2023-05-30,leg,17639,51948,10,0,1,1,True,False,True,6,1,0
2023-05-30,leg,17639,51948,10,0,1,1,True,False,True,7,1,0
2023-05-30,leg,17639,51948,10,0,1,1,True,False,True,8,1,0
2023-05-30,leg,17639,51948,10,0,1,1,True,False,True,9,1,0
2023-05-30,leg,17639,51948,10,0,1,1,True,False,True,10,1,0
2023-05-30,leg,17639,200000,10,0,1,2,True,False,True,1,1,0
2023-05-30,leg,17639,200000,10,0,1,2,True,False,True,2,1,0
2023-05-30,leg,17639,200000,10,0,1,2,True,False,True,3,1,0
2023-05-30,leg,17639,200000,10,0,1,2,True,False,True,4,1,0
2023-05-30,leg,17639,200000,10,0,1,2,True,False,True,5,1,0
2023-05-30,leg,17639,200000,10,0,1,2,True,False,True,6,1,0
2023-05-30,leg,17639,200000,10,0,1,2,True,False,True,7,1,0
2023-05-30,leg,17639,200000,10,0,1,2,True,False,True,8,1,0
2023-05-30,leg,17639,200000,10,0,1,2,True,False,True,9,1,0
2023-05-30,leg,17639,200000,10,0,1,2,True,False,True,10,1,0
2023-05-30,leg,17639,21360,10,0,1,1,True,False,True,1,1,0
2023-05-30,leg,17639,21360,10,0,1,1,True,False,True,2,1,0
2023-05-30,leg,17639,21360,10,0,1,1,True,False,True,3,1,0
2023-05-30,leg,17639,21360,10,0,1,1,True,False,True,4,1,0
2023-05-30,leg,17639,21360,10,0,1,1,True,False,True,5,1,0
2023-05-30,leg,17639,21360,10,0,1,1,True,False,True,6,1,0
2023-05-30,leg,17639,21360,10,0,1,1,True,False,True,7,1,0
2023-05-30,leg,17639,21360,10,0,1,1,True,False,True,8,1,0
2023-05-30,leg,17639,21360,10,0,1,1,True,False,True,9,1,0
2023-05-30,leg,17639,21360,10,0,1,1,True,False,True,10,1,0
2023-05-30,leg,293,14203,10,0,1,1,True,False,True,1,1,0
2023-05-30,leg,293,14203,10,0,1,1,True,False,True,2,1,0
2023-05-30,leg,293,14203,10,0,1,1,True,False,True,3,1,0
2023-05-30,leg,293,14203,10,0,1,1,True,False,True,4,1,0
2023-05-30,leg,293,14203,10,0,1,1,True,False,True,5,1,0
2023-05-30,leg,293,14203,10,0,1,1,True,False,True,6,1,0
2023-05-30,leg,293,14203,10,0,1,1,True,False,True,7,1,0
2023-05-30,leg,293,14203,10,0,1,1,True,False,True,8,1,0
2023-05-30,leg,293,14203,10,0,1,1,True,False,True,9,1,0
2023-05-30,leg,293,14203,10,0,1,1,True,False,True,10,1,0
2023-05-30,leg,17639,269614,10,0,1,1,True,False,True,1,1,0
2023-05-30,leg,17639,269614,10,0,1,1,True,False,True,2,1,0
2023-05-30,leg,17639,269614,10,0,1,1,True,False,True,3,1,0
2023-05-30,leg,17639,269614,10,0,1,1,True,False,True,4,1,0
2023-05-30,leg,17639,269614,10,0,1,1,True,False,True,5,1,0
2023-05-30,leg,17639,269614,10,0,1,1,True,False,True,6,1,0
2023-05-30,leg,17639,269614,10,0,1,1,True,False,True,7,1,0
2023-05-30,leg,17639,269614,10,0,1,1,True,False,True,8,1,0
2023-05-30,leg,17639,269614,10,0,1,1,True,False,True,9,1,0
2023-05-30,leg,17639,269614,10,0,1,1,True,False,True,10,1,0
2023-05-30,leg,17639,20722,10,0,5,"1,2",True,False,True,1,5,0
2023-05-30,leg,17639,20722,10,0,5,"1,2",True,False,True,2,5,0
2023-05-30,leg,17639,20722,10,0,5,"1,2",True,False,True,3,5,0
2023-05-30,leg,17639,20722,10,0,5,"1,2",True,False,True,4,5,0
2023-05-30,leg,17639,20722,10,0,5,"1,2",True,False,True,5,5,0
2023-05-30,leg,17639,20722,10,0,5,"1,2",True,False,True,6,5,0
2023-05-30,leg,17639,20722,10,0,5,"1,2",True,False,True,7,5,0
2023-05-30,leg,17639,20722,10,0,5,"1,2",True,False,True,8,5,0
2023-05-30,leg,17639,20722,10,0,5,"1,2",True,False,True,9,5,0
2023-05-30,leg,17639,20722,10,0,5,"1,2",True,False,True,10,5,0
2023-05-30,leg,17639,44894,10,0,1,1,True,False,True,1,1,0
2023-05-30,leg,17639,44894,10,0,1,1,True,False,True,2,1,0
2023-05-30,leg,17639,44894,10,0,1,1,True,False,True,3,1,0
2023-05-30,leg,17639,44894,10,0,1,1,True,False,True,4,1,0
2023-05-30,leg,17639,44894,10,0,1,1,True,False,True,5,1,0
2023-05-30,leg,17639,44894,10,0,1,1,True,False,True,6,1,0
2023-05-30,leg,17639,44894,10,0,1,1,True,False,True,7,1,0
2023-05-30,leg,17639,44894,10,0,1,1,True,False,True,8,1,0
2023-05-30,leg,17639,44894,10,0,1,1,True,False,True,9,1,0
2023-05-30,leg,17639,44894,10,0,1,1,True,False,True,10,1,0
2023-05-30,leg,17639,39790,10,0,1,1,True,False,True,1,1,0
2023-05-30,leg,17639,39790,10,0,1,1,True,False,True,2,1,0
2023-05-30,leg,17639,39790,10,0,1,1,True,False,True,3,1,0
2023-05-30,leg,17639,39790,10,0,1,1,True,False,True,4,1,0
2023-05-30,leg,17639,39790,10,0,1,1,True,False,True,5,1,0
2023-05-30,leg,17639,39790,10,0,1,1,True,False,True,6,1,0
2023-05-30,leg,17639,39790,10,0,1,1,True,False,True,7,1,0
2023-05-30,leg,17639,39790,10,0,1,1,True,False,True,8,1,0
2023-05-30,leg,17639,39790,10,0,1,1,True,False,True,9,1,0
2023-05-30,leg,17639,39790,10,0,1,1,True,False,True,10,1,0
2023-05-30,leg,17639,211785,10,0,1,1,True,False,True,1,1,0
2023-05-30,leg,17639,211785,10,0,1,1,True,False,True,2,1,0
2023-05-30,leg,17639,211785,10,0,1,1,True,False,True,3,1,0
2023-05-30,leg,17639,211785,10,0,1,1,True,False,True,4,1,0
2023-05-30,leg,17639,211785,10,0,1,1,True,False,True,5,1,0
2023-05-30,leg,17639,211785,10,0,1,1,True,False,True,6,1,0
2023-05-30,leg,17639,211785,10,0,1,1,True,False,True,7,1,0
2023-05-30,leg,17639,211785,10,0,1,1,True,False,True,8,1,0
2023-05-30,leg,17639,211785,10,0,1,1,True,False,True,9,1,0
2023-05-30,leg,17639,211785,10,0,1,1,True,False,True,10,1,0
2023-05-30,leg,12545,17639,10,0,1,1,True,False,True,1,1,0
2023-05-30,leg,12545,17639,10,0,1,1,True,False,True,2,1,0
2023-05-30,leg,12545,17639,10,0,1,1,True,False,True,3,1,0
2023-05-30,leg,12545,17639,10,0,1,1,True,False,True,4,1,0
2023-05-30,leg,12545,17639,10,0,1,1,True,False,True,5,1,0
2023-05-30,leg,12545,17639,10,0,1,1,True,False,True,6,1,0
2023-05-30,leg,12545,17639,10,0,1,1,True,False,True,7,1,0
2023-05-30,leg,12545,17639,10,0,1,1,True,False,True,8,1,0
2023-05-30,leg,12545,17639,10,0,1,1,True,False,True,9,1,0
2023-05-30,leg,12545,17639,10,0,1,1,True,False,True,10,1,0
2023-05-30,leg,293,36016,10,0,1,1,True,False,True,1,1,0
2023-05-30,leg,293,36016,10,0,1,1,True,False,True,2,1,0
2023-05-30,leg,293,36016,10,0,1,1,True,False,True,3,1,0
2023-05-30,leg,293,36016,10,0,1,1,True,False,True,4,1,0
2023-05-30,leg,293,36016,10,0,1,1,True,False,True,5,1,0
2023-05-30,leg,293,36016,10,0,1,1,True,False,True,6,1,0
2023-05-30,leg,293,36016,10,0,1,1,True,False,True,7,1,0
2023-05-30,leg,293,36016,10,0,1,1,True,False,True,8,1,0
2023-05-30,leg,293,36016,10,0,1,1,True,False,True,9,1,0
2023-05-30,leg,293,36016,10,0,1,1,True,False,True,10,1,0
2023-05-30,leg,17639,41897,10,0,1,2,True,False,True,1,1,0
2023-05-30,leg,17639,41897,10,0,1,2,True,False,True,2,1,0
2023-05-30,leg,17639,41897,10,0,1,2,True,False,True,3,1,0
2023-05-30,leg,17639,41897,10,0,1,2,True,False,True,4,1,0
2023-05-30,leg,17639,41897,10,0,1,2,True,False,True,5,1,0
2023-05-30,leg,17639,41897,10,0,1,2,True,False,True,6,1,0
2023-05-30,leg,17639,41897,10,0,1,2,True,False,True,7,1,0
2023-05-30,leg,17639,41897,10,0,1,2,True,False,True,8,1,0
2023-05-30,leg,17639,41897,10,0,1,2,True,False,True,9,1,0
2023-05-30,leg,17639,41897,10,0,1,2,True,False,True,10,1,0
2023-05-30,leg,24961,266160,10,0,1,1,False,False,False,1,1,0
2023-05-30,leg,24961,266160,10,0,1,1,False,False,False,2,1,0
2023-05-30,leg,24961,266160,10,0,1,1,False,False,False,3,1,0
2023-05-30,leg,24961,266160,10,0,1,1,False,False,False,4,1,0
2023-05-30,leg,24961,266160,10,0,1,1,False,False,False,5,1,0
2023-05-30,leg,24961,266160,10,0,1,1,False,False,False,6,1,0
2023-05-30,leg,24961,266160,10,0,1,1,False,False,False,7,1,0
2023-05-30,leg,24961,266160,10,0,1,1,False,False,False,8,1,0
2023-05-30,leg,24961,266160,10,0,1,1,False,False,False,9,1,0
2023-05-30,leg,24961,266160,10,0,1,1,False,False,False,10,1,0
2023-05-30,leg,50763,198967,10,0,6,"1,2",True,False,True,1,6,0
2023-05-30,leg,50763,198967,10,0,6,"1,2",True,False,True,2,6,0
2023-05-30,leg,50763,198967,10,0,6,"1,2",True,False,True,3,6,0
2023-05-30,leg,50763,198967,10,0,6,"1,2",True,False,True,4,6,0
2023-05-30,leg,50763,198967,10,0,6,"1,2",True,False,True,5,6,0
2023-05-30,leg,50763,198967,10,0,6,"1,2",True,False,True,6,6,0
2023-05-30,leg,50763,198967,10,0,6,"1,2",True,False,True,7,6,0
2023-05-30,leg,50763,198967,10,0,6,"1,2",True,False,True,8,6,0
2023-05-30,leg,50763,198967,10,0,6,"1,2",True,False,True,9,6,0
2023-05-30,leg,50763,198967,10,0,6,"1,2",True,False,True,10,6,0
2023-05-30,leg,559,206446,10,0,1,1,True,False,True,1,1,0
2023-05-30,leg,559,206446,10,0,1,1,True,False,True,2,1,0
2023-05-30,leg,559,206446,10,0,1,1,True,False,True,3,1,0
2023-05-30,leg,559,206446,10,0,1,1,True,False,True,4,1,0
2023-05-30,leg,559,206446,10,0,1,1,True,False,True,5,1,0
2023-05-30,leg,559,206446,10,0,1,1,True,False,True,6,1,0
2023-05-30,leg,559,206446,10,0,1,1,True,False,True,7,1,0
2023-05-30,leg,559,206446,10,0,1,1,True,False,True,8,1,0
2023-05-30,leg,559,206446,10,0,1,1,True,False,True,9,1,0
2023-05-30,leg,559,206446,10,0,1,1,True,False,True,10,1,0
2023-05-30,leg,17639,59689,10,0,1,1,True,False,True,1,1,0
2023-05-30,leg,17639,59689,10,0,1,1,True,False,True,2,1,0
2023-05-30,leg,17639,59689,10,0,1,1,True,False,True,3,1,0
2023-05-30,leg,17639,59689,10,0,1,1,True,False,True,4,1,0
2023-05-30,leg,17639,59689,10,0,1,1,True,False,True,5,1,0
2023-05-30,leg,17639,59689,10,0,1,1,True,False,True,6,1,0
2023-05-30,leg,17639,59689,10,0,1,1,True,False,True,7,1,0
2023-05-30,leg,17639,59689,10,0,1,1,True,False,True,8,1,0
2023-05-30,leg,17639,59689,10,0,1,1,True,False,True,9,1,0
2023-05-30,leg,17639,59689,10,0,1,1,True,False,True,10,1,0
2023-05-30,leg,1916,263989,10,0,2,"1,2",True,False,False,1,2,0
2023-05-30,leg,1916,263989,10,0,2,"1,2",True,False,False,2,2,0
2023-05-30,leg,1916,263989,10,0,2,"1,2",True,False,False,3,2,0
2023-05-30,leg,1916,263989,10,0,2,"1,2",True,False,False,4,2,0
2023-05-30,leg,1916,263989,10,0,2,"1,2",True,False,False,5,2,0
2023-05-30,leg,1916,263989,10,0,2,"1,2",True,False,False,6,2,0
2023-05-30,leg,1916,263989,10,0,2,"1,2",True,False,False,7,2,0
2023-05-30,leg,1916,263989,10,0,2,"1,2",True,False,False,8,2,0
2023-05-30,leg,1916,263989,10,0,2,"1,2",True,False,False,9,2,0
2023-05-30,leg,1916,263989,10,0,2,"1,2",True,False,False,10,2,0
2023-05-30,leg,20764,61010,10,0,1,1,True,False,False,1,1,0
2023-05-30,leg,20764,61010,10,0,1,1,True,False,False,2,1,0
2023-05-30,leg,20764,61010,10,0,1,1,True,False,False,3,1,0
2023-05-30,leg,20764,61010,10,0,1,1,True,False,False,4,1,0
2023-05-30,leg,20764,61010,10,0,1,1,True,False,False,5,1,0
2023-05-30,leg,20764,61010,10,0,1,1,True,False,False,6,1,0
2023-05-30,leg,20764,61010,10,0,1,1,True,False,False,7,1,0
2023-05-30,leg,20764,61010,10,0,1,1,True,False,False,8,1,0
2023-05-30,leg,20764,61010,10,0,1,1,True,False,False,9,1,0
2023-05-30,leg,20764,61010,10,0,1,1,True,False,False,10,1,0
2023-05-30,leg,29076,57277,10,0,1,4,True,False,False,1,1,0
2023-05-30,leg,29076,57277,10,0,1,4,True,False,False,2,1,0
2023-05-30,leg,29076,57277,10,0,1,4,True,False,False,3,1,0
2023-05-30,leg,29076,57277,10,0,1,4,True,False,False,4,1,0
2023-05-30,leg,29076,57277,10,0,1,4,True,False,False,5,1,0
2023-05-30,leg,29076,57277,10,0,1,4,True,False,False,6,1,0
2023-05-30,leg,29076,57277,10,0,1,4,True,False,False,7,1,0
2023-05-30,leg,29076,57277,10,0,1,4,True,False,False,8,1,0
2023-05-30,leg,29076,57277,10,0,1,4,True,False,False,9,1,0
2023-05-30,leg,29076,57277,10,0,1,4,True,False,False,10,1,0
2023-05-30,leg,17639,198292,10,0,1,1,True,False,True,1,1,0
2023-05-30,leg,17639,198292,10,0,1,1,True,False,True,2,1,0
2023-05-30,leg,17639,198292,10,0,1,1,True,False,True,3,1,0
2023-05-30,leg,17639,198292,10,0,1,1,True,False,True,4,1,0
2023-05-30,leg,17639,198292,10,0,1,1,True,False,True,5,1,0
2023-05-30,leg,17639,198292,10,0,1,1,True,False,True,6,1,0
2023-05-30,leg,17639,198292,10,0,1,1,True,False,True,7,1,0
2023-05-30,leg,17639,198292,10,0,1,1,True,False,True,8,1,0
2023-05-30,leg,17639,198292,10,0,1,1,True,False,True,9,1,0
2023-05-30,leg,17639,198292,10,0,1,1,True,False,True,10,1,0
2023-05-30,leg,17639,20555,10,0,1,1,True,False,True,1,1,0
2023-05-30,leg,17639,20555,10,0,1,1,True,False,True,2,1,0
2023-05-30,leg,17639,20555,10,0,1,1,True,False,True,3,1,0
2023-05-30,leg,17639,20555,10,0,1,1,True,False,True,4,1,0
2023-05-30,leg,17639,20555,10,0,1,1,True,False,True,5,1,0
2023-05-30,leg,17639,20555,10,0,1,1,True,False,True,6,1,0
2023-05-30,leg,17639,20555,10,0,1,1,True,False,True,7,1,0
2023-05-30,leg,17639,20555,10,0,1,1,True,False,True,8,1,0
2023-05-30,leg,17639,20555,10,0,1,1,True,False,True,9,1,0
2023-05-30,leg,17639,20555,10,0,1,1,True,False,True,10,1,0
2023-05-30,leg,293,26459,10,0,1,1,True,False,True,1,1,0
2023-05-30,leg,293,26459,10,0,1,1,True,False,True,2,1,0
2023-05-30,leg,293,26459,10,0,1,1,True,False,True,3,1,0
2023-05-30,leg,293,26459,10,0,1,1,True,False,True,4,1,0
2023-05-30,leg,293,26459,10,0,1,1,True,False,True,5,1,0
2023-05-30,leg,293,26459,10,0,1,1,True,False,True,6,1,0
2023-05-30,leg,293,26459,10,0,1,1,True,False,True,7,1,0
2023-05-30,leg,293,26459,10,0,1,1,True,False,True,8,1,0
2023-05-30,leg,293,26459,10,0,1,1,True,False,True,9,1,0
2023-05-30,leg,293,26459,10,0,1,1,True,False,True,10,1,0
2023-05-30,leg,6461,396163,10,0,138,1,True,False,False,1,138,0
2023-05-30,leg,6461,396163,10,0,138,1,True,False,False,2,138,0
2023-05-30,leg,6461,396163,10,0,138,1,True,False,False,3,138,0
2023-05-30,leg,6461,396163,10,0,138,1,True,False,False,4,138,0
2023-05-30,leg,6461,396163,10,0,138,1,True,False,False,5,138,0
2023-05-30,leg,6461,396163,10,0,138,1,True,False,False,6,138,0
2023-05-30,leg,6461,396163,10,0,138,1,True,False,False,7,138,0
2023-05-30,leg,6461,396163,10,0,138,1,True,False,False,8,138,0
2023-05-30,leg,6461,396163,10,0,138,1,True,False,False,9,138,0
2023-05-30,leg,6461,396163,10,0,138,1,True,False,False,10,138,0
2023-05-30,leg,17639,198040,10,0,1,1,True,False,True,1,1,0
2023-05-30,leg,17639,198040,10,0,1,1,True,False,True,2,1,0
2023-05-30,leg,17639,198040,10,0,1,1,True,False,True,3,1,0
2023-05-30,leg,17639,198040,10,0,1,1,True,False,True,4,1,0
2023-05-30,leg,17639,198040,10,0,1,1,True,False,True,5,1,0
2023-05-30,leg,17639,198040,10,0,1,1,True,False,True,6,1,0
2023-05-30,leg,17639,198040,10,0,1,1,True,False,True,7,1,0
2023-05-30,leg,17639,198040,10,0,1,1,True,False,True,8,1,0
2023-05-30,leg,17639,198040,10,0,1,1,True,False,True,9,1,0
2023-05-30,leg,17639,198040,10,0,1,1,True,False,True,10,1,0
2023-05-30,leg,138074,139972,10,0,252,1,True,False,False,1,252,0
2023-05-30,leg,138074,139972,10,0,252,1,True,False,False,2,252,0
2023-05-30,leg,138074,139972,10,0,252,1,True,False,False,3,252,0
2023-05-30,leg,138074,139972,10,0,252,1,True,False,False,4,252,0
2023-05-30,leg,138074,139972,10,0,252,1,True,False,False,5,252,0
2023-05-30,leg,138074,139972,10,0,252,1,True,False,False,6,252,0
2023-05-30,leg,138074,139972,10,0,252,1,True,False,False,7,252,0
2023-05-30,leg,138074,139972,10,0,252,1,True,False,False,8,252,0
2023-05-30,leg,138074,139972,10,0,252,1,True,False,False,9,252,0
2023-05-30,leg,138074,139972,10,0,252,1,True,False,False,10,252,0
2023-05-30,leg,293,5009,10,0,1,1,True,False,True,1,1,0
2023-05-30,leg,293,5009,10,0,1,1,True,False,True,2,1,0
2023-05-30,leg,293,5009,10,0,1,1,True,False,True,3,1,0
2023-05-30,leg,293,5009,10,0,1,1,True,False,True,4,1,0
2023-05-30,leg,293,5009,10,0,1,1,True,False,True,5,1,0
2023-05-30,leg,293,5009,10,0,1,1,True,False,True,6,1,0
2023-05-30,leg,293,5009,10,0,1,1,True,False,True,7,1,0
2023-05-30,leg,293,5009,10,0,1,1,True,False,True,8,1,0
2023-05-30,leg,293,5009,10,0,1,1,True,False,True,9,1,0
2023-05-30,leg,293,5009,10,0,1,1,True,False,True,10,1,0
2023-05-30,leg,17639,47220,10,0,1,1,True,False,True,1,1,0
2023-05-30,leg,17639,47220,10,0,1,1,True,False,True,2,1,0
2023-05-30,leg,17639,47220,10,0,1,1,True,False,True,3,1,0
2023-05-30,leg,17639,47220,10,0,1,1,True,False,True,4,1,0
2023-05-30,leg,17639,47220,10,0,1,1,True,False,True,5,1,0
2023-05-30,leg,17639,47220,10,0,1,1,True,False,True,6,1,0
2023-05-30,leg,17639,47220,10,0,1,1,True,False,True,7,1,0
2023-05-30,leg,17639,47220,10,0,1,1,True,False,True,8,1,0
2023-05-30,leg,17639,47220,10,0,1,1,True,False,True,9,1,0
2023-05-30,leg,17639,47220,10,0,1,1,True,False,True,10,1,0
2023-05-30,leg,17639,200232,10,0,1,1,True,False,True,1,1,0
2023-05-30,leg,17639,200232,10,0,1,1,True,False,True,2,1,0
2023-05-30,leg,17639,200232,10,0,1,1,True,False,True,3,1,0
2023-05-30,leg,17639,200232,10,0,1,1,True,False,True,4,1,0
2023-05-30,leg,17639,200232,10,0,1,1,True,False,True,5,1,0
2023-05-30,leg,17639,200232,10,0,1,1,True,False,True,6,1,0
2023-05-30,leg,17639,200232,10,0,1,1,True,False,True,7,1,0
2023-05-30,leg,17639,200232,10,0,1,1,True,False,True,8,1,0
2023-05-30,leg,17639,200232,10,0,1,1,True,False,True,9,1,0
2023-05-30,leg,17639,200232,10,0,1,1,True,False,True,10,1,0
2023-05-30,leg,17639,60173,10,0,1,1,True,False,True,1,1,0
2023-05-30,leg,17639,60173,10,0,1,1,True,False,True,2,1,0
2023-05-30,leg,17639,60173,10,0,1,1,True,False,True,3,1,0
2023-05-30,leg,17639,60173,10,0,1,1,True,False,True,4,1,0
2023-05-30,leg,17639,60173,10,0,1,1,True,False,True,5,1,0
2023-05-30,leg,17639,60173,10,0,1,1,True,False,True,6,1,0
2023-05-30,leg,17639,60173,10,0,1,1,True,False,True,7,1,0
2023-05-30,leg,17639,60173,10,0,1,1,True,False,True,8,1,0
2023-05-30,leg,17639,60173,10,0,1,1,True,False,True,9,1,0
2023-05-30,leg,17639,60173,10,0,1,1,True,False,True,10,1,0
2023-05-30,leg,35421,50629,10,0,1,1,True,False,True,1,1,0
2023-05-30,leg,35421,50629,10,0,1,1,True,False,True,2,1,0
2023-05-30,leg,35421,50629,10,0,1,1,True,False,True,3,1,0
2023-05-30,leg,35421,50629,10,0,1,1,True,False,True,4,1,0
2023-05-30,leg,35421,50629,10,0,1,1,True,False,True,5,1,0
2023-05-30,leg,35421,50629,10,0,1,1,True,False,True,6,1,0
2023-05-30,leg,35421,50629,10,0,1,1,True,False,True,7,1,0
2023-05-30,leg,35421,50629,10,0,1,1,True,False,True,8,1,0
2023-05-30,leg,35421,50629,10,0,1,1,True,False,True,9,1,0
2023-05-30,leg,35421,50629,10,0,1,1,True,False,True,10,1,0
2023-05-30,leg,17639,200497,10,0,2,"1,2",True,False,True,1,2,0
2023-05-30,leg,17639,200497,10,0,2,"1,2",True,False,True,2,2,0
2023-05-30,leg,17639,200497,10,0,2,"1,2",True,False,True,3,2,0
2023-05-30,leg,17639,200497,10,0,2,"1,2",True,False,True,4,2,0
2023-05-30,leg,17639,200497,10,0,2,"1,2",True,False,True,5,2,0
2023-05-30,leg,17639,200497,10,0,2,"1,2",True,False,True,6,2,0
2023-05-30,leg,17639,200497,10,0,2,"1,2",True,False,True,7,2,0
2023-05-30,leg,17639,200497,10,0,2,"1,2",True,False,True,8,2,0
2023-05-30,leg,17639,200497,10,0,2,"1,2",True,False,True,9,2,0
2023-05-30,leg,17639,200497,10,0,2,"1,2",True,False,True,10,2,0
2023-05-30,leg,17639,50086,10,0,1,1,True,False,True,1,1,0
2023-05-30,leg,17639,50086,10,0,1,1,True,False,True,2,1,0
2023-05-30,leg,17639,50086,10,0,1,1,True,False,True,3,1,0
2023-05-30,leg,17639,50086,10,0,1,1,True,False,True,4,1,0
2023-05-30,leg,17639,50086,10,0,1,1,True,False,True,5,1,0
2023-05-30,leg,17639,50086,10,0,1,1,True,False,True,6,1,0
2023-05-30,leg,17639,50086,10,0,1,1,True,False,True,7,1,0
2023-05-30,leg,17639,50086,10,0,1,1,True,False,True,8,1,0
2023-05-30,leg,17639,50086,10,0,1,1,True,False,True,9,1,0
2023-05-30,leg,17639,50086,10,0,1,1,True,False,True,10,1,0
2023-05-30,leg,50673,270833,10,0,1,1,True,False,False,1,1,0
2023-05-30,leg,50673,270833,10,0,1,1,True,False,False,2,1,0
2023-05-30,leg,50673,270833,10,0,1,1,True,False,False,3,1,0
2023-05-30,leg,50673,270833,10,0,1,1,True,False,False,4,1,0
2023-05-30,leg,50673,270833,10,0,1,1,True,False,False,5,1,0
2023-05-30,leg,50673,270833,10,0,1,1,True,False,False,6,1,0
2023-05-30,leg,50673,270833,10,0,1,1,True,False,False,7,1,0
2023-05-30,leg,50673,270833,10,0,1,1,True,False,False,8,1,0
2023-05-30,leg,50673,270833,10,0,1,1,True,False,False,9,1,0
2023-05-30,leg,50673,270833,10,0,1,1,True,False,False,10,1,0
2023-05-30,leg,293,399077,10,0,1,1,True,False,True,1,1,0
2023-05-30,leg,293,399077,10,0,1,1,True,False,True,2,1,0
2023-05-30,leg,293,399077,10,0,1,1,True,False,True,3,1,0
2023-05-30,leg,293,399077,10,0,1,1,True,False,True,4,1,0
2023-05-30,leg,293,399077,10,0,1,1,True,False,True,5,1,0
2023-05-30,leg,293,399077,10,0,1,1,True,False,True,6,1,0
2023-05-30,leg,293,399077,10,0,1,1,True,False,True,7,1,0
2023-05-30,leg,293,399077,10,0,1,1,True,False,True,8,1,0
2023-05-30,leg,293,399077,10,0,1,1,True,False,True,9,1,0
2023-05-30,leg,293,399077,10,0,1,1,True,False,True,10,1,0
2023-05-30,leg,17639,196826,10,0,1,1,True,False,True,1,1,0
2023-05-30,leg,17639,196826,10,0,1,1,True,False,True,2,1,0
2023-05-30,leg,17639,196826,10,0,1,1,True,False,True,3,1,0
2023-05-30,leg,17639,196826,10,0,1,1,True,False,True,4,1,0
2023-05-30,leg,17639,196826,10,0,1,1,True,False,True,5,1,0
2023-05-30,leg,17639,196826,10,0,1,1,True,False,True,6,1,0
2023-05-30,leg,17639,196826,10,0,1,1,True,False,True,7,1,0
2023-05-30,leg,17639,196826,10,0,1,1,True,False,True,8,1,0
2023-05-30,leg,17639,196826,10,0,1,1,True,False,True,9,1,0
2023-05-30,leg,17639,196826,10,0,1,1,True,False,True,10,1,0
2023-05-30,leg,17639,25505,10,0,1,1,True,False,True,1,1,0
2023-05-30,leg,17639,25505,10,0,1,1,True,False,True,2,1,0
2023-05-30,leg,17639,25505,10,0,1,1,True,False,True,3,1,0
2023-05-30,leg,17639,25505,10,0,1,1,True,False,True,4,1,0
2023-05-30,leg,17639,25505,10,0,1,1,True,False,True,5,1,0
2023-05-30,leg,17639,25505,10,0,1,1,True,False,True,6,1,0
2023-05-30,leg,17639,25505,10,0,1,1,True,False,True,7,1,0
2023-05-30,leg,17639,25505,10,0,1,1,True,False,True,8,1,0
2023-05-30,leg,17639,25505,10,0,1,1,True,False,True,9,1,0
2023-05-30,leg,17639,25505,10,0,1,1,True,False,True,10,1,0
2023-05-30,leg,17639,32415,10,0,1,1,True,False,True,1,1,0
2023-05-30,leg,17639,32415,10,0,1,1,True,False,True,2,1,0
2023-05-30,leg,17639,32415,10,0,1,1,True,False,True,3,1,0
2023-05-30,leg,17639,32415,10,0,1,1,True,False,True,4,1,0
2023-05-30,leg,17639,32415,10,0,1,1,True,False,True,5,1,0
2023-05-30,leg,17639,32415,10,0,1,1,True,False,True,6,1,0
2023-05-30,leg,17639,32415,10,0,1,1,True,False,True,7,1,0
2023-05-30,leg,17639,32415,10,0,1,1,True,False,True,8,1,0
2023-05-30,leg,17639,32415,10,0,1,1,True,False,True,9,1,0
2023-05-30,leg,17639,32415,10,0,1,1,True,False,True,10,1,0
2023-05-30,leg,1916,262873,10,0,1,1,True,False,False,1,1,0
2023-05-30,leg,1916,262873,10,0,1,1,True,False,False,2,1,0
2023-05-30,leg,1916,262873,10,0,1,1,True,False,False,3,1,0
2023-05-30,leg,1916,262873,10,0,1,1,True,False,False,4,1,0
2023-05-30,leg,1916,262873,10,0,1,1,True,False,False,5,1,0
2023-05-30,leg,1916,262873,10,0,1,1,True,False,False,6,1,0
2023-05-30,leg,1916,262873,10,0,1,1,True,False,False,7,1,0
2023-05-30,leg,1916,262873,10,0,1,1,True,False,False,8,1,0
2023-05-30,leg,1916,262873,10,0,1,1,True,False,False,9,1,0
2023-05-30,leg,1916,262873,10,0,1,1,True,False,False,10,1,0
2023-05-30,leg,17639,57935,10,0,1,1,True,False,True,1,1,0
2023-05-30,leg,17639,57935,10,0,1,1,True,False,True,2,1,0
2023-05-30,leg,17639,57935,10,0,1,1,True,False,True,3,1,0
2023-05-30,leg,17639,57935,10,0,1,1,True,False,True,4,1,0
2023-05-30,leg,17639,57935,10,0,1,1,True,False,True,5,1,0
2023-05-30,leg,17639,57935,10,0,1,1,True,False,True,6,1,0
2023-05-30,leg,17639,57935,10,0,1,1,True,False,True,7,1,0
2023-05-30,leg,17639,57935,10,0,1,1,True,False,True,8,1,0
2023-05-30,leg,17639,57935,10,0,1,1,True,False,True,9,1,0
2023-05-30,leg,17639,57935,10,0,1,1,True,False,True,10,1,0
2023-05-30,leg,293,906,10,0,2,"1,2",True,False,True,1,2,0
2023-05-30,leg,293,906,10,0,2,"1,2",True,False,True,2,2,0
2023-05-30,leg,293,906,10,0,2,"1,2",True,False,True,3,2,0
2023-05-30,leg,293,906,10,0,2,"1,2",True,False,True,4,2,0
2023-05-30,leg,293,906,10,0,2,"1,2",True,False,True,5,2,0
2023-05-30,leg,293,906,10,0,2,"1,2",True,False,True,6,2,0
2023-05-30,leg,293,906,10,0,2,"1,2",True,False,True,7,2,0
2023-05-30,leg,293,906,10,0,2,"1,2",True,False,True,8,2,0
2023-05-30,leg,293,906,10,0,2,"1,2",True,False,True,9,2,0
2023-05-30,leg,293,906,10,0,2,"1,2",True,False,True,10,2,0
2023-05-30,leg,17639,213306,10,0,2,"1,2",True,False,True,1,2,0
2023-05-30,leg,17639,213306,10,0,2,"1,2",True,False,True,2,2,0
2023-05-30,leg,17639,213306,10,0,2,"1,2",True,False,True,3,2,0
2023-05-30,leg,17639,213306,10,0,2,"1,2",True,False,True,4,2,0
2023-05-30,leg,17639,213306,10,0,2,"1,2",True,False,True,5,2,0
2023-05-30,leg,17639,213306,10,0,2,"1,2",True,False,True,6,2,0
2023-05-30,leg,17639,213306,10,0,2,"1,2",True,False,True,7,2,0
2023-05-30,leg,17639,213306,10,0,2,"1,2",True,False,True,8,2,0
2023-05-30,leg,17639,213306,10,0,2,"1,2",True,False,True,9,2,0
2023-05-30,leg,17639,213306,10,0,2,"1,2",True,False,True,10,2,0
2023-05-30,leg,61689,270536,10,0,11,1,True,False,False,1,11,0
2023-05-30,leg,61689,270536,10,0,11,1,True,False,False,2,11,0
2023-05-30,leg,61689,270536,10,0,11,1,True,False,False,3,11,0
2023-05-30,leg,61689,270536,10,0,11,1,True,False,False,4,11,0
2023-05-30,leg,61689,270536,10,0,11,1,True,False,False,5,11,0
2023-05-30,leg,61689,270536,10,0,11,1,True,False,False,6,11,0
2023-05-30,leg,61689,270536,10,0,11,1,True,False,False,7,11,0
2023-05-30,leg,61689,270536,10,0,11,1,True,False,False,8,11,0
2023-05-30,leg,61689,270536,10,0,11,1,True,False,False,9,11,0
2023-05-30,leg,61689,270536,10,0,11,1,True,False,False,10,11,0
2023-05-30,leg,263152,272694,10,0,1,1,True,False,True,1,1,0
2023-05-30,leg,263152,272694,10,0,1,1,True,False,True,2,1,0
2023-05-30,leg,263152,272694,10,0,1,1,True,False,True,3,1,0
2023-05-30,leg,263152,272694,10,0,1,1,True,False,True,4,1,0
2023-05-30,leg,263152,272694,10,0,1,1,True,False,True,5,1,0
2023-05-30,leg,263152,272694,10,0,1,1,True,False,True,6,1,0
2023-05-30,leg,263152,272694,10,0,1,1,True,False,True,7,1,0
2023-05-30,leg,263152,272694,10,0,1,1,True,False,True,8,1,0
2023-05-30,leg,263152,272694,10,0,1,1,True,False,True,9,1,0
2023-05-30,leg,263152,272694,10,0,1,1,True,False,True,10,1,0
2023-05-30,leg,17639,198030,10,0,1,1,True,False,True,1,1,0
2023-05-30,leg,17639,198030,10,0,1,1,True,False,True,2,1,0
2023-05-30,leg,17639,198030,10,0,1,1,True,False,True,3,1,0
2023-05-30,leg,17639,198030,10,0,1,1,True,False,True,4,1,0
2023-05-30,leg,17639,198030,10,0,1,1,True,False,True,5,1,0
2023-05-30,leg,17639,198030,10,0,1,1,True,False,True,6,1,0
2023-05-30,leg,17639,198030,10,0,1,1,True,False,True,7,1,0
2023-05-30,leg,17639,198030,10,0,1,1,True,False,True,8,1,0
2023-05-30,leg,17639,198030,10,0,1,1,True,False,True,9,1,0
2023-05-30,leg,17639,198030,10,0,1,1,True,False,True,10,1,0
2023-05-30,leg,20473,136535,10,0,798,"1,4",True,False,False,1,797,1
2023-05-30,leg,20473,136535,10,0,798,"1,4",True,False,False,2,797,1
2023-05-30,leg,20473,136535,10,0,798,"1,4",True,False,False,3,798,0
2023-05-30,leg,20473,136535,10,0,798,"1,4",True,False,False,4,798,0
2023-05-30,leg,20473,136535,10,0,798,"1,4",True,False,False,5,798,0
2023-05-30,leg,20473,136535,10,0,798,"1,4",True,False,False,6,798,0
2023-05-30,leg,20473,136535,10,0,798,"1,4",True,False,False,7,798,0
2023-05-30,leg,20473,136535,10,0,798,"1,4",True,False,False,8,798,0
2023-05-30,leg,20473,136535,10,0,798,"1,4",True,False,False,9,798,0
2023-05-30,leg,20473,136535,10,0,798,"1,4",True,False,False,10,798,0
2023-05-30,leg,17639,198524,10,0,1,1,True,False,True,1,1,0
2023-05-30,leg,17639,198524,10,0,1,1,True,False,True,2,1,0
2023-05-30,leg,17639,198524,10,0,1,1,True,False,True,3,1,0
2023-05-30,leg,17639,198524,10,0,1,1,True,False,True,4,1,0
2023-05-30,leg,17639,198524,10,0,1,1,True,False,True,5,1,0
2023-05-30,leg,17639,198524,10,0,1,1,True,False,True,6,1,0
2023-05-30,leg,17639,198524,10,0,1,1,True,False,True,7,1,0
2023-05-30,leg,17639,198524,10,0,1,1,True,False,True,8,1,0
2023-05-30,leg,17639,198524,10,0,1,1,True,False,True,9,1,0
2023-05-30,leg,17639,198524,10,0,1,1,True,False,True,10,1,0
2023-05-30,leg,17639,58056,10,0,1,1,True,False,True,1,1,0
2023-05-30,leg,17639,58056,10,0,1,1,True,False,True,2,1,0
2023-05-30,leg,17639,58056,10,0,1,1,True,False,True,3,1,0
2023-05-30,leg,17639,58056,10,0,1,1,True,False,True,4,1,0
2023-05-30,leg,17639,58056,10,0,1,1,True,False,True,5,1,0
2023-05-30,leg,17639,58056,10,0,1,1,True,False,True,6,1,0
2023-05-30,leg,17639,58056,10,0,1,1,True,False,True,7,1,0
2023-05-30,leg,17639,58056,10,0,1,1,True,False,True,8,1,0
2023-05-30,leg,17639,58056,10,0,1,1,True,False,True,9,1,0
2023-05-30,leg,17639,58056,10,0,1,1,True,False,True,10,1,0
2023-05-30,leg,17639,205879,10,0,1,1,True,False,True,1,1,0
2023-05-30,leg,17639,205879,10,0,1,1,True,False,True,2,1,0
2023-05-30,leg,17639,205879,10,0,1,1,True,False,True,3,1,0
2023-05-30,leg,17639,205879,10,0,1,1,True,False,True,4,1,0
2023-05-30,leg,17639,205879,10,0,1,1,True,False,True,5,1,0
2023-05-30,leg,17639,205879,10,0,1,1,True,False,True,6,1,0
2023-05-30,leg,17639,205879,10,0,1,1,True,False,True,7,1,0
2023-05-30,leg,17639,205879,10,0,1,1,True,False,True,8,1,0
2023-05-30,leg,17639,205879,10,0,1,1,True,False,True,9,1,0
2023-05-30,leg,17639,205879,10,0,1,1,True,False,True,10,1,0
2023-05-30,leg,17639,267091,10,0,1,1,True,False,True,1,1,0
2023-05-30,leg,17639,267091,10,0,1,1,True,False,True,2,1,0
2023-05-30,leg,17639,267091,10,0,1,1,True,False,True,3,1,0
2023-05-30,leg,17639,267091,10,0,1,1,True,False,True,4,1,0
2023-05-30,leg,17639,267091,10,0,1,1,True,False,True,5,1,0
2023-05-30,leg,17639,267091,10,0,1,1,True,False,True,6,1,0
2023-05-30,leg,17639,267091,10,0,1,1,True,False,True,7,1,0
2023-05-30,leg,17639,267091,10,0,1,1,True,False,True,8,1,0
2023-05-30,leg,17639,267091,10,0,1,1,True,False,True,9,1,0
2023-05-30,leg,17639,267091,10,0,1,1,True,False,True,10,1,0
2023-05-30,leg,17639,49052,10,0,1,1,True,False,True,1,1,0
2023-05-30,leg,17639,49052,10,0,1,1,True,False,True,2,1,0
2023-05-30,leg,17639,49052,10,0,1,1,True,False,True,3,1,0
2023-05-30,leg,17639,49052,10,0,1,1,True,False,True,4,1,0
2023-05-30,leg,17639,49052,10,0,1,1,True,False,True,5,1,0
2023-05-30,leg,17639,49052,10,0,1,1,True,False,True,6,1,0
2023-05-30,leg,17639,49052,10,0,1,1,True,False,True,7,1,0
2023-05-30,leg,17639,49052,10,0,1,1,True,False,True,8,1,0
2023-05-30,leg,17639,49052,10,0,1,1,True,False,True,9,1,0
2023-05-30,leg,17639,49052,10,0,1,1,True,False,True,10,1,0
2023-05-30,leg,35598,50624,10,0,1,1,True,False,True,1,1,0
2023-05-30,leg,35598,50624,10,0,1,1,True,False,True,2,1,0
2023-05-30,leg,35598,50624,10,0,1,1,True,False,True,3,1,0
2023-05-30,leg,35598,50624,10,0,1,1,True,False,True,4,1,0
2023-05-30,leg,35598,50624,10,0,1,1,True,False,True,5,1,0
2023-05-30,leg,35598,50624,10,0,1,1,True,False,True,6,1,0
2023-05-30,leg,35598,50624,10,0,1,1,True,False,True,7,1,0
2023-05-30,leg,35598,50624,10,0,1,1,True,False,True,8,1,0
2023-05-30,leg,35598,50624,10,0,1,1,True,False,True,9,1,0
2023-05-30,leg,35598,50624,10,0,1,1,True,False,True,10,1,0
2023-05-30,leg,17639,24700,10,0,2,"1,2",True,False,True,1,2,0
2023-05-30,leg,17639,24700,10,0,2,"1,2",True,False,True,2,2,0
2023-05-30,leg,17639,24700,10,0,2,"1,2",True,False,True,3,2,0
2023-05-30,leg,17639,24700,10,0,2,"1,2",True,False,True,4,2,0
2023-05-30,leg,17639,24700,10,0,2,"1,2",True,False,True,5,2,0
2023-05-30,leg,17639,24700,10,0,2,"1,2",True,False,True,6,2,0
2023-05-30,leg,17639,24700,10,0,2,"1,2",True,False,True,7,2,0
2023-05-30,leg,17639,24700,10,0,2,"1,2",True,False,True,8,2,0
2023-05-30,leg,17639,24700,10,0,2,"1,2",True,False,True,9,2,0
2023-05-30,leg,17639,24700,10,0,2,"1,2",True,False,True,10,2,0
2023-05-30,leg,15595,17639,10,0,2,"1,2",True,False,True,1,2,0
2023-05-30,leg,15595,17639,10,0,2,"1,2",True,False,True,2,2,0
2023-05-30,leg,15595,17639,10,0,2,"1,2",True,False,True,3,2,0
2023-05-30,leg,15595,17639,10,0,2,"1,2",True,False,True,4,2,0
2023-05-30,leg,15595,17639,10,0,2,"1,2",True,False,True,5,2,0
2023-05-30,leg,15595,17639,10,0,2,"1,2",True,False,True,6,2,0
2023-05-30,leg,15595,17639,10,0,2,"1,2",True,False,True,7,2,0
2023-05-30,leg,15595,17639,10,0,2,"1,2",True,False,True,8,2,0
2023-05-30,leg,15595,17639,10,0,2,"1,2",True,False,True,9,2,0
2023-05-30,leg,15595,17639,10,0,2,"1,2",True,False,True,10,2,0
2023-05-30,leg,17639,31381,10,0,1,1,True,False,True,1,1,0
2023-05-30,leg,17639,31381,10,0,1,1,True,False,True,2,1,0
2023-05-30,leg,17639,31381,10,0,1,1,True,False,True,3,1,0
2023-05-30,leg,17639,31381,10,0,1,1,True,False,True,4,1,0
2023-05-30,leg,17639,31381,10,0,1,1,True,False,True,5,1,0
2023-05-30,leg,17639,31381,10,0,1,1,True,False,True,6,1,0
2023-05-30,leg,17639,31381,10,0,1,1,True,False,True,7,1,0
2023-05-30,leg,17639,31381,10,0,1,1,True,False,True,8,1,0
2023-05-30,leg,17639,31381,10,0,1,1,True,False,True,9,1,0
2023-05-30,leg,17639,31381,10,0,1,1,True,False,True,10,1,0
2023-05-30,leg,38158,147106,10,0,203,1,True,False,False,1,203,0
2023-05-30,leg,38158,147106,10,0,203,1,True,False,False,2,203,0
2023-05-30,leg,38158,147106,10,0,203,1,True,False,False,3,203,0
2023-05-30,leg,38158,147106,10,0,203,1,True,False,False,4,203,0
2023-05-30,leg,38158,147106,10,0,203,1,True,False,False,5,203,0
2023-05-30,leg,38158,147106,10,0,203,1,True,False,False,6,203,0
2023-05-30,leg,38158,147106,10,0,203,1,True,False,False,7,203,0
2023-05-30,leg,38158,147106,10,0,203,1,True,False,False,8,203,0
2023-05-30,leg,38158,147106,10,0,203,1,True,False,False,9,203,0
2023-05-30,leg,38158,147106,10,0,203,1,True,False,False,10,203,0
2023-05-30,leg,17639,198766,10,0,1,1,True,False,True,1,1,0
2023-05-30,leg,17639,198766,10,0,1,1,True,False,True,2,1,0
2023-05-30,leg,17639,198766,10,0,1,1,True,False,True,3,1,0
2023-05-30,leg,17639,198766,10,0,1,1,True,False,True,4,1,0
2023-05-30,leg,17639,198766,10,0,1,1,True,False,True,5,1,0
2023-05-30,leg,17639,198766,10,0,1,1,True,False,True,6,1,0
2023-05-30,leg,17639,198766,10,0,1,1,True,False,True,7,1,0
2023-05-30,leg,17639,198766,10,0,1,1,True,False,True,8,1,0
2023-05-30,leg,17639,198766,10,0,1,1,True,False,True,9,1,0
2023-05-30,leg,17639,198766,10,0,1,1,True,False,True,10,1,0
2023-05-30,leg,17639,200752,10,0,1,1,True,False,True,1,1,0
2023-05-30,leg,17639,200752,10,0,1,1,True,False,True,2,1,0
2023-05-30,leg,17639,200752,10,0,1,1,True,False,True,3,1,0
2023-05-30,leg,17639,200752,10,0,1,1,True,False,True,4,1,0
2023-05-30,leg,17639,200752,10,0,1,1,True,False,True,5,1,0
2023-05-30,leg,17639,200752,10,0,1,1,True,False,True,6,1,0
2023-05-30,leg,17639,200752,10,0,1,1,True,False,True,7,1,0
2023-05-30,leg,17639,200752,10,0,1,1,True,False,True,8,1,0
2023-05-30,leg,17639,200752,10,0,1,1,True,False,True,9,1,0
2023-05-30,leg,17639,200752,10,0,1,1,True,False,True,10,1,0
2023-05-30,leg,200612,206446,10,0,1,1,True,False,True,1,1,0
2023-05-30,leg,200612,206446,10,0,1,1,True,False,True,2,1,0
2023-05-30,leg,200612,206446,10,0,1,1,True,False,True,3,1,0
2023-05-30,leg,200612,206446,10,0,1,1,True,False,True,4,1,0
2023-05-30,leg,200612,206446,10,0,1,1,True,False,True,5,1,0
2023-05-30,leg,200612,206446,10,0,1,1,True,False,True,6,1,0
2023-05-30,leg,200612,206446,10,0,1,1,True,False,True,7,1,0
2023-05-30,leg,200612,206446,10,0,1,1,True,False,True,8,1,0
2023-05-30,leg,200612,206446,10,0,1,1,True,False,True,9,1,0
2023-05-30,leg,200612,206446,10,0,1,1,True,False,True,10,1,0
2023-05-30,leg,17639,198128,10,0,1,1,True,False,True,1,1,0
2023-05-30,leg,17639,198128,10,0,1,1,True,False,True,2,1,0
2023-05-30,leg,17639,198128,10,0,1,1,True,False,True,3,1,0
2023-05-30,leg,17639,198128,10,0,1,1,True,False,True,4,1,0
2023-05-30,leg,17639,198128,10,0,1,1,True,False,True,5,1,0
2023-05-30,leg,17639,198128,10,0,1,1,True,False,True,6,1,0
2023-05-30,leg,17639,198128,10,0,1,1,True,False,True,7,1,0
2023-05-30,leg,17639,198128,10,0,1,1,True,False,True,8,1,0
2023-05-30,leg,17639,198128,10,0,1,1,True,False,True,9,1,0
2023-05-30,leg,17639,198128,10,0,1,1,True,False,True,10,1,0
2023-05-30,leg,17639,24592,10,0,1,1,True,False,True,1,1,0
2023-05-30,leg,17639,24592,10,0,1,1,True,False,True,2,1,0
2023-05-30,leg,17639,24592,10,0,1,1,True,False,True,3,1,0
2023-05-30,leg,17639,24592,10,0,1,1,True,False,True,4,1,0
2023-05-30,leg,17639,24592,10,0,1,1,True,False,True,5,1,0
2023-05-30,leg,17639,24592,10,0,1,1,True,False,True,6,1,0
2023-05-30,leg,17639,24592,10,0,1,1,True,False,True,7,1,0
2023-05-30,leg,17639,24592,10,0,1,1,True,False,True,8,1,0
2023-05-30,leg,17639,24592,10,0,1,1,True,False,True,9,1,0
2023-05-30,leg,17639,24592,10,0,1,1,True,False,True,10,1,0
2023-05-30,leg,6621,28613,10,0,192,1,True,False,False,1,192,0
2023-05-30,leg,6621,28613,10,0,192,1,True,False,False,2,192,0
2023-05-30,leg,6621,28613,10,0,192,1,True,False,False,3,192,0
2023-05-30,leg,6621,28613,10,0,192,1,True,False,False,4,192,0
2023-05-30,leg,6621,28613,10,0,192,1,True,False,False,5,192,0
2023-05-30,leg,6621,28613,10,0,192,1,True,False,False,6,192,0
2023-05-30,leg,6621,28613,10,0,192,1,True,False,False,7,192,0
2023-05-30,leg,6621,28613,10,0,192,1,True,False,False,8,192,0
2023-05-30,leg,6621,28613,10,0,192,1,True,False,False,9,192,0
2023-05-30,leg,6621,28613,10,0,192,1,True,False,False,10,192,0
2023-05-30,leg,13335,17082,10,0,206,1,True,False,False,1,204,2
2023-05-30,leg,13335,17082,10,0,206,1,True,False,False,2,205,1
2023-05-30,leg,13335,17082,10,0,206,1,True,False,False,3,205,1
2023-05-30,leg,13335,17082,10,0,206,1,True,False,False,4,205,1
2023-05-30,leg,13335,17082,10,0,206,1,True,False,False,5,205,1
2023-05-30,leg,13335,17082,10,0,206,1,True,False,False,6,206,0
2023-05-30,leg,13335,17082,10,0,206,1,True,False,False,7,206,0
2023-05-30,leg,13335,17082,10,0,206,1,True,False,False,8,205,1
2023-05-30,leg,13335,17082,10,0,206,1,True,False,False,9,205,1
2023-05-30,leg,13335,17082,10,0,206,1,True,False,False,10,206,0
2023-05-30,leg,17639,29287,10,0,3,"1,2",True,False,True,1,3,0
2023-05-30,leg,17639,29287,10,0,3,"1,2",True,False,True,2,3,0
2023-05-30,leg,17639,29287,10,0,3,"1,2",True,False,True,3,3,0
2023-05-30,leg,17639,29287,10,0,3,"1,2",True,False,True,4,3,0
2023-05-30,leg,17639,29287,10,0,3,"1,2",True,False,True,5,3,0
2023-05-30,leg,17639,29287,10,0,3,"1,2",True,False,True,6,3,0
2023-05-30,leg,17639,29287,10,0,3,"1,2",True,False,True,7,3,0
2023-05-30,leg,17639,29287,10,0,3,"1,2",True,False,True,8,3,0
2023-05-30,leg,17639,29287,10,0,3,"1,2",True,False,True,9,3,0
2023-05-30,leg,17639,29287,10,0,3,"1,2",True,False,True,10,3,0
2023-05-30,leg,17639,267562,10,0,2,"1,2",True,False,True,1,2,0
2023-05-30,leg,17639,267562,10,0,2,"1,2",True,False,True,2,2,0
2023-05-30,leg,17639,267562,10,0,2,"1,2",True,False,True,3,2,0
2023-05-30,leg,17639,267562,10,0,2,"1,2",True,False,True,4,2,0
2023-05-30,leg,17639,267562,10,0,2,"1,2",True,False,True,5,2,0
2023-05-30,leg,17639,267562,10,0,2,"1,2",True,False,True,6,2,0
2023-05-30,leg,17639,267562,10,0,2,"1,2",True,False,True,7,2,0
2023-05-30,leg,17639,267562,10,0,2,"1,2",True,False,True,8,2,0
2023-05-30,leg,17639,267562,10,0,2,"1,2",True,False,True,9,2,0
2023-05-30,leg,17639,267562,10,0,2,"1,2",True,False,True,10,2,0
2023-05-30,leg,17639,41710,10,0,1,1,True,False,True,1,1,0
2023-05-30,leg,17639,41710,10,0,1,1,True,False,True,2,1,0
2023-05-30,leg,17639,41710,10,0,1,1,True,False,True,3,1,0
2023-05-30,leg,17639,41710,10,0,1,1,True,False,True,4,1,0
2023-05-30,leg,17639,41710,10,0,1,1,True,False,True,5,1,0
2023-05-30,leg,17639,41710,10,0,1,1,True,False,True,6,1,0
2023-05-30,leg,17639,41710,10,0,1,1,True,False,True,7,1,0
2023-05-30,leg,17639,41710,10,0,1,1,True,False,True,8,1,0
2023-05-30,leg,17639,41710,10,0,1,1,True,False,True,9,1,0
2023-05-30,leg,17639,41710,10,0,1,1,True,False,True,10,1,0
2023-05-30,leg,28260,265036,10,0,24,2,True,False,False,1,24,0
2023-05-30,leg,28260,265036,10,0,24,2,True,False,False,2,24,0
2023-05-30,leg,28260,265036,10,0,24,2,True,False,False,3,24,0
2023-05-30,leg,28260,265036,10,0,24,2,True,False,False,4,24,0
2023-05-30,leg,28260,265036,10,0,24,2,True,False,False,5,24,0
2023-05-30,leg,28260,265036,10,0,24,2,True,False,False,6,24,0
2023-05-30,leg,28260,265036,10,0,24,2,True,False,False,7,24,0
2023-05-30,leg,28260,265036,10,0,24,2,True,False,False,8,24,0
2023-05-30,leg,28260,265036,10,0,24,2,True,False,False,9,24,0
2023-05-30,leg,28260,265036,10,0,24,2,True,False,False,10,24,0
2023-05-30,leg,4455,203851,10,0,1,2,True,False,False,1,1,0
2023-05-30,leg,4455,203851,10,0,1,2,True,False,False,2,1,0
2023-05-30,leg,4455,203851,10,0,1,2,True,False,False,3,1,0
2023-05-30,leg,4455,203851,10,0,1,2,True,False,False,4,1,0
2023-05-30,leg,4455,203851,10,0,1,2,True,False,False,5,1,0
2023-05-30,leg,4455,203851,10,0,1,2,True,False,False,6,1,0
2023-05-30,leg,4455,203851,10,0,1,2,True,False,False,7,1,0
2023-05-30,leg,4455,203851,10,0,1,2,True,False,False,8,1,0
2023-05-30,leg,4455,203851,10,0,1,2,True,False,False,9,1,0
2023-05-30,leg,4455,203851,10,0,1,2,True,False,False,10,1,0
2023-05-30,leg,1916,264031,10,0,1,1,True,False,False,1,1,0
2023-05-30,leg,1916,264031,10,0,1,1,True,False,False,2,1,0
2023-05-30,leg,1916,264031,10,0,1,1,True,False,False,3,1,0
2023-05-30,leg,1916,264031,10,0,1,1,True,False,False,4,1,0
2023-05-30,leg,1916,264031,10,0,1,1,True,False,False,5,1,0
2023-05-30,leg,1916,264031,10,0,1,1,True,False,False,6,1,0
2023-05-30,leg,1916,264031,10,0,1,1,True,False,False,7,1,0
2023-05-30,leg,1916,264031,10,0,1,1,True,False,False,8,1,0
2023-05-30,leg,1916,264031,10,0,1,1,True,False,False,9,1,0
2023-05-30,leg,1916,264031,10,0,1,1,True,False,False,10,1,0
2023-05-30,leg,24482,268869,10,0,1,1,True,False,False,1,1,0
2023-05-30,leg,24482,268869,10,0,1,1,True,False,False,2,1,0
2023-05-30,leg,24482,268869,10,0,1,1,True,False,False,3,1,0
2023-05-30,leg,24482,268869,10,0,1,1,True,False,False,4,1,0
2023-05-30,leg,24482,268869,10,0,1,1,True,False,False,5,1,0
2023-05-30,leg,24482,268869,10,0,1,1,True,False,False,6,1,0
2023-05-30,leg,24482,268869,10,0,1,1,True,False,False,7,1,0
2023-05-30,leg,24482,268869,10,0,1,1,True,False,False,8,1,0
2023-05-30,leg,24482,268869,10,0,1,1,True,False,False,9,1,0
2023-05-30,leg,24482,268869,10,0,1,1,True,False,False,10,1,0
2023-05-30,leg,17639,28999,10,0,1,1,True,False,True,1,1,0
2023-05-30,leg,17639,28999,10,0,1,1,True,False,True,2,1,0
2023-05-30,leg,17639,28999,10,0,1,1,True,False,True,3,1,0
2023-05-30,leg,17639,28999,10,0,1,1,True,False,True,4,1,0
2023-05-30,leg,17639,28999,10,0,1,1,True,False,True,5,1,0
2023-05-30,leg,17639,28999,10,0,1,1,True,False,True,6,1,0
2023-05-30,leg,17639,28999,10,0,1,1,True,False,True,7,1,0
2023-05-30,leg,17639,28999,10,0,1,1,True,False,True,8,1,0
2023-05-30,leg,17639,28999,10,0,1,1,True,False,True,9,1,0
2023-05-30,leg,17639,28999,10,0,1,1,True,False,True,10,1,0
2023-05-30,leg,35280,270586,10,0,1,2,True,False,False,1,1,0
2023-05-30,leg,35280,270586,10,0,1,2,True,False,False,2,1,0
2023-05-30,leg,35280,270586,10,0,1,2,True,False,False,3,1,0
2023-05-30,leg,35280,270586,10,0,1,2,True,False,False,4,1,0
2023-05-30,leg,35280,270586,10,0,1,2,True,False,False,5,1,0
2023-05-30,leg,35280,270586,10,0,1,2,True,False,False,6,1,0
2023-05-30,leg,35280,270586,10,0,1,2,True,False,False,7,1,0
2023-05-30,leg,35280,270586,10,0,1,2,True,False,False,8,1,0
2023-05-30,leg,35280,270586,10,0,1,2,True,False,False,9,1,0
2023-05-30,leg,35280,270586,10,0,1,2,True,False,False,10,1,0
2023-05-30,leg,17639,263518,10,0,1,1,True,False,True,1,1,0
2023-05-30,leg,17639,263518,10,0,1,1,True,False,True,2,1,0
2023-05-30,leg,17639,263518,10,0,1,1,True,False,True,3,1,0
2023-05-30,leg,17639,263518,10,0,1,1,True,False,True,4,1,0
2023-05-30,leg,17639,263518,10,0,1,1,True,False,True,5,1,0
2023-05-30,leg,17639,263518,10,0,1,1,True,False,True,6,1,0
2023-05-30,leg,17639,263518,10,0,1,1,True,False,True,7,1,0
2023-05-30,leg,17639,263518,10,0,1,1,True,False,True,8,1,0
2023-05-30,leg,17639,263518,10,0,1,1,True,False,True,9,1,0
2023-05-30,leg,17639,263518,10,0,1,1,True,False,True,10,1,0
2023-05-30,leg,263152,263500,10,0,1,1,True,False,True,1,1,0
2023-05-30,leg,263152,263500,10,0,1,1,True,False,True,2,1,0
2023-05-30,leg,263152,263500,10,0,1,1,True,False,True,3,1,0
2023-05-30,leg,263152,263500,10,0,1,1,True,False,True,4,1,0
2023-05-30,leg,263152,263500,10,0,1,1,True,False,True,5,1,0
2023-05-30,leg,263152,263500,10,0,1,1,True,False,True,6,1,0
2023-05-30,leg,263152,263500,10,0,1,1,True,False,True,7,1,0
2023-05-30,leg,263152,263500,10,0,1,1,True,False,True,8,1,0
2023-05-30,leg,263152,263500,10,0,1,1,True,False,True,9,1,0
2023-05-30,leg,263152,263500,10,0,1,1,True,False,True,10,1,0
2023-05-30,leg,17639,34368,10,0,1,1,True,False,True,1,1,0
2023-05-30,leg,17639,34368,10,0,1,1,True,False,True,2,1,0
2023-05-30,leg,17639,34368,10,0,1,1,True,False,True,3,1,0
2023-05-30,leg,17639,34368,10,0,1,1,True,False,True,4,1,0
2023-05-30,leg,17639,34368,10,0,1,1,True,False,True,5,1,0
2023-05-30,leg,17639,34368,10,0,1,1,True,False,True,6,1,0
2023-05-30,leg,17639,34368,10,0,1,1,True,False,True,7,1,0
2023-05-30,leg,17639,34368,10,0,1,1,True,False,True,8,1,0
2023-05-30,leg,17639,34368,10,0,1,1,True,False,True,9,1,0
2023-05-30,leg,17639,34368,10,0,1,1,True,False,True,10,1,0
2023-05-30,leg,17639,49909,10,0,1,1,True,False,True,1,1,0
2023-05-30,leg,17639,49909,10,0,1,1,True,False,True,2,1,0
2023-05-30,leg,17639,49909,10,0,1,1,True,False,True,3,1,0
2023-05-30,leg,17639,49909,10,0,1,1,True,False,True,4,1,0
2023-05-30,leg,17639,49909,10,0,1,1,True,False,True,5,1,0
2023-05-30,leg,17639,49909,10,0,1,1,True,False,True,6,1,0
2023-05-30,leg,17639,49909,10,0,1,1,True,False,True,7,1,0
2023-05-30,leg,17639,49909,10,0,1,1,True,False,True,8,1,0
2023-05-30,leg,17639,49909,10,0,1,1,True,False,True,9,1,0
2023-05-30,leg,17639,49909,10,0,1,1,True,False,True,10,1,0
2023-05-30,leg,17639,199803,10,0,13,"1,2,3",True,False,True,1,13,0
2023-05-30,leg,17639,199803,10,0,13,"1,2,3",True,False,True,2,13,0
2023-05-30,leg,17639,199803,10,0,13,"1,2,3",True,False,True,3,13,0
2023-05-30,leg,17639,199803,10,0,13,"1,2,3",True,False,True,4,13,0
2023-05-30,leg,17639,199803,10,0,13,"1,2,3",True,False,True,5,13,0
2023-05-30,leg,17639,199803,10,0,13,"1,2,3",True,False,True,6,13,0
2023-05-30,leg,17639,199803,10,0,13,"1,2,3",True,False,True,7,13,0
2023-05-30,leg,17639,199803,10,0,13,"1,2,3",True,False,True,8,13,0
2023-05-30,leg,17639,199803,10,0,13,"1,2,3",True,False,True,9,13,0
2023-05-30,leg,17639,199803,10,0,13,"1,2,3",True,False,True,10,13,0
2023-05-30,leg,3225,9155,10,0,11,2,True,False,False,1,11,0
2023-05-30,leg,3225,9155,10,0,11,2,True,False,False,2,11,0
2023-05-30,leg,3225,9155,10,0,11,2,True,False,False,3,11,0
2023-05-30,leg,3225,9155,10,0,11,2,True,False,False,4,11,0
2023-05-30,leg,3225,9155,10,0,11,2,True,False,False,5,11,0
2023-05-30,leg,3225,9155,10,0,11,2,True,False,False,6,11,0
2023-05-30,leg,3225,9155,10,0,11,2,True,False,False,7,11,0
2023-05-30,leg,3225,9155,10,0,11,2,True,False,False,8,11,0
2023-05-30,leg,3225,9155,10,0,11,2,True,False,False,9,11,0
2023-05-30,leg,3225,9155,10,0,11,2,True,False,False,10,11,0
2023-05-30,leg,17639,42711,10,0,1,1,True,False,True,1,1,0
2023-05-30,leg,17639,42711,10,0,1,1,True,False,True,2,1,0
2023-05-30,leg,17639,42711,10,0,1,1,True,False,True,3,1,0
2023-05-30,leg,17639,42711,10,0,1,1,True,False,True,4,1,0
2023-05-30,leg,17639,42711,10,0,1,1,True,False,True,5,1,0
2023-05-30,leg,17639,42711,10,0,1,1,True,False,True,6,1,0
2023-05-30,leg,17639,42711,10,0,1,1,True,False,True,7,1,0
2023-05-30,leg,17639,42711,10,0,1,1,True,False,True,8,1,0
2023-05-30,leg,17639,42711,10,0,1,1,True,False,True,9,1,0
2023-05-30,leg,17639,42711,10,0,1,1,True,False,True,10,1,0
2023-05-30,leg,47631,50628,10,0,1,1,True,False,True,1,1,0
2023-05-30,leg,47631,50628,10,0,1,1,True,False,True,2,1,0
2023-05-30,leg,47631,50628,10,0,1,1,True,False,True,3,1,0
2023-05-30,leg,47631,50628,10,0,1,1,True,False,True,4,1,0
2023-05-30,leg,47631,50628,10,0,1,1,True,False,True,5,1,0
2023-05-30,leg,47631,50628,10,0,1,1,True,False,True,6,1,0
2023-05-30,leg,47631,50628,10,0,1,1,True,False,True,7,1,0
2023-05-30,leg,47631,50628,10,0,1,1,True,False,True,8,1,0
2023-05-30,leg,47631,50628,10,0,1,1,True,False,True,9,1,0
2023-05-30,leg,47631,50628,10,0,1,1,True,False,True,10,1,0
2023-05-30,leg,4788,5511,10,0,1254,"1,2,3,4,5",False,False,False,1,1254,0
2023-05-30,leg,4788,5511,10,0,1254,"1,2,3,4,5",False,False,False,2,1254,0
2023-05-30,leg,4788,5511,10,0,1254,"1,2,3,4,5",False,False,False,3,1247,7
2023-05-30,leg,4788,5511,10,0,1254,"1,2,3,4,5",False,False,False,4,1247,7
2023-05-30,leg,4788,5511,10,0,1254,"1,2,3,4,5",False,False,False,5,1245,9
2023-05-30,leg,4788,5511,10,0,1254,"1,2,3,4,5",False,False,False,6,1231,23
2023-05-30,leg,4788,5511,10,0,1254,"1,2,3,4,5",False,False,False,7,1254,0
2023-05-30,leg,4788,5511,10,0,1254,"1,2,3,4,5",False,False,False,8,1251,3
2023-05-30,leg,4788,5511,10,0,1254,"1,2,3,4,5",False,False,False,9,1238,16
2023-05-30,leg,4788,5511,10,0,1254,"1,2,3,4,5",False,False,False,10,1202,52
2023-05-30,leg,17639,38955,10,0,1,1,True,False,True,1,1,0
2023-05-30,leg,17639,38955,10,0,1,1,True,False,True,2,1,0
2023-05-30,leg,17639,38955,10,0,1,1,True,False,True,3,1,0
2023-05-30,leg,17639,38955,10,0,1,1,True,False,True,4,1,0
2023-05-30,leg,17639,38955,10,0,1,1,True,False,True,5,1,0
2023-05-30,leg,17639,38955,10,0,1,1,True,False,True,6,1,0
2023-05-30,leg,17639,38955,10,0,1,1,True,False,True,7,1,0
2023-05-30,leg,17639,38955,10,0,1,1,True,False,True,8,1,0
2023-05-30,leg,17639,38955,10,0,1,1,True,False,True,9,1,0
2023-05-30,leg,17639,38955,10,0,1,1,True,False,True,10,1,0
2023-05-30,leg,293,30041,10,0,1,1,True,False,True,1,1,0
2023-05-30,leg,293,30041,10,0,1,1,True,False,True,2,1,0
2023-05-30,leg,293,30041,10,0,1,1,True,False,True,3,1,0
2023-05-30,leg,293,30041,10,0,1,1,True,False,True,4,1,0
2023-05-30,leg,293,30041,10,0,1,1,True,False,True,5,1,0
2023-05-30,leg,293,30041,10,0,1,1,True,False,True,6,1,0
2023-05-30,leg,293,30041,10,0,1,1,True,False,True,7,1,0
2023-05-30,leg,293,30041,10,0,1,1,True,False,True,8,1,0
2023-05-30,leg,293,30041,10,0,1,1,True,False,True,9,1,0
2023-05-30,leg,293,30041,10,0,1,1,True,False,True,10,1,0
2023-05-30,leg,174,198967,10,0,233,"1,2",True,False,False,1,233,0
2023-05-30,leg,174,198967,10,0,233,"1,2",True,False,False,2,233,0
2023-05-30,leg,174,198967,10,0,233,"1,2",True,False,False,3,233,0
2023-05-30,leg,174,198967,10,0,233,"1,2",True,False,False,4,233,0
2023-05-30,leg,174,198967,10,0,233,"1,2",True,False,False,5,233,0
2023-05-30,leg,174,198967,10,0,233,"1,2",True,False,False,6,233,0
2023-05-30,leg,174,198967,10,0,233,"1,2",True,False,False,7,233,0
2023-05-30,leg,174,198967,10,0,233,"1,2",True,False,False,8,233,0
2023-05-30,leg,174,198967,10,0,233,"1,2",True,False,False,9,233,0
2023-05-30,leg,174,198967,10,0,233,"1,2",True,False,False,10,233,0
2023-05-30,leg,136535,205794,10,0,1,1,True,False,False,1,1,0
2023-05-30,leg,136535,205794,10,0,1,1,True,False,False,2,1,0
2023-05-30,leg,136535,205794,10,0,1,1,True,False,False,3,1,0
2023-05-30,leg,136535,205794,10,0,1,1,True,False,False,4,1,0
2023-05-30,leg,136535,205794,10,0,1,1,True,False,False,5,1,0
2023-05-30,leg,136535,205794,10,0,1,1,True,False,False,6,1,0
2023-05-30,leg,136535,205794,10,0,1,1,True,False,False,7,1,0
2023-05-30,leg,136535,205794,10,0,1,1,True,False,False,8,1,0
2023-05-30,leg,136535,205794,10,0,1,1,True,False,False,9,1,0
2023-05-30,leg,136535,205794,10,0,1,1,True,False,False,10,1,0
2023-05-30,leg,18403,57344,10,0,4,"1,2,3",True,False,False,1,4,0
2023-05-30,leg,18403,57344,10,0,4,"1,2,3",True,False,False,2,4,0
2023-05-30,leg,18403,57344,10,0,4,"1,2,3",True,False,False,3,4,0
2023-05-30,leg,18403,57344,10,0,4,"1,2,3",True,False,False,4,4,0
2023-05-30,leg,18403,57344,10,0,4,"1,2,3",True,False,False,5,4,0
2023-05-30,leg,18403,57344,10,0,4,"1,2,3",True,False,False,6,4,0
2023-05-30,leg,18403,57344,10,0,4,"1,2,3",True,False,False,7,4,0
2023-05-30,leg,18403,57344,10,0,4,"1,2,3",True,False,False,8,4,0
2023-05-30,leg,18403,57344,10,0,4,"1,2,3",True,False,False,9,4,0
2023-05-30,leg,18403,57344,10,0,4,"1,2,3",True,False,False,10,4,0
2023-05-30,leg,17639,43133,10,0,1,1,True,False,True,1,1,0
2023-05-30,leg,17639,43133,10,0,1,1,True,False,True,2,1,0
2023-05-30,leg,17639,43133,10,0,1,1,True,False,True,3,1,0
2023-05-30,leg,17639,43133,10,0,1,1,True,False,True,4,1,0
2023-05-30,leg,17639,43133,10,0,1,1,True,False,True,5,1,0
2023-05-30,leg,17639,43133,10,0,1,1,True,False,True,6,1,0
2023-05-30,leg,17639,43133,10,0,1,1,True,False,True,7,1,0
2023-05-30,leg,17639,43133,10,0,1,1,True,False,True,8,1,0
2023-05-30,leg,17639,43133,10,0,1,1,True,False,True,9,1,0
2023-05-30,leg,17639,43133,10,0,1,1,True,False,True,10,1,0
2023-05-30,leg,17922,23679,10,0,754,"3,4",True,False,False,1,754,0
2023-05-30,leg,17922,23679,10,0,754,"3,4",True,False,False,2,754,0
2023-05-30,leg,17922,23679,10,0,754,"3,4",True,False,False,3,754,0
2023-05-30,leg,17922,23679,10,0,754,"3,4",True,False,False,4,754,0
2023-05-30,leg,17922,23679,10,0,754,"3,4",True,False,False,5,754,0
2023-05-30,leg,17922,23679,10,0,754,"3,4",True,False,False,6,754,0
2023-05-30,leg,17922,23679,10,0,754,"3,4",True,False,False,7,754,0
2023-05-30,leg,17922,23679,10,0,754,"3,4",True,False,False,8,754,0
2023-05-30,leg,17922,23679,10,0,754,"3,4",True,False,False,9,754,0
2023-05-30,leg,17922,23679,10,0,754,"3,4",True,False,False,10,754,0
2023-05-30,leg,16265,28260,10,0,16,"1,2,3,5,7",True,False,False,1,15,1
2023-05-30,leg,16265,28260,10,0,16,"1,2,3,5,7",True,False,False,2,15,1
2023-05-30,leg,16265,28260,10,0,16,"1,2,3,5,7",True,False,False,3,15,1
2023-05-30,leg,16265,28260,10,0,16,"1,2,3,5,7",True,False,False,4,15,1
2023-05-30,leg,16265,28260,10,0,16,"1,2,3,5,7",True,False,False,5,15,1
2023-05-30,leg,16265,28260,10,0,16,"1,2,3,5,7",True,False,False,6,15,1
2023-05-30,leg,16265,28260,10,0,16,"1,2,3,5,7",True,False,False,7,16,0
2023-05-30,leg,16265,28260,10,0,16,"1,2,3,5,7",True,False,False,8,16,0
2023-05-30,leg,16265,28260,10,0,16,"1,2,3,5,7",True,False,False,9,16,0
2023-05-30,leg,16265,28260,10,0,16,"1,2,3,5,7",True,False,False,10,16,0
2023-05-30,leg,293,11071,10,0,6,"1,2",True,False,True,1,6,0
2023-05-30,leg,293,11071,10,0,6,"1,2",True,False,True,2,6,0
2023-05-30,leg,293,11071,10,0,6,"1,2",True,False,True,3,6,0
2023-05-30,leg,293,11071,10,0,6,"1,2",True,False,True,4,6,0
2023-05-30,leg,293,11071,10,0,6,"1,2",True,False,True,5,6,0
2023-05-30,leg,293,11071,10,0,6,"1,2",True,False,True,6,6,0
2023-05-30,leg,293,11071,10,0,6,"1,2",True,False,True,7,6,0
2023-05-30,leg,293,11071,10,0,6,"1,2",True,False,True,8,6,0
2023-05-30,leg,293,11071,10,0,6,"1,2",True,False,True,9,6,0
2023-05-30,leg,293,11071,10,0,6,"1,2",True,False,True,10,6,0
2023-05-30,leg,17639,198216,10,0,1,1,True,False,True,1,1,0
2023-05-30,leg,17639,198216,10,0,1,1,True,False,True,2,1,0
2023-05-30,leg,17639,198216,10,0,1,1,True,False,True,3,1,0
2023-05-30,leg,17639,198216,10,0,1,1,True,False,True,4,1,0
2023-05-30,leg,17639,198216,10,0,1,1,True,False,True,5,1,0
2023-05-30,leg,17639,198216,10,0,1,1,True,False,True,6,1,0
2023-05-30,leg,17639,198216,10,0,1,1,True,False,True,7,1,0
2023-05-30,leg,17639,198216,10,0,1,1,True,False,True,8,1,0
2023-05-30,leg,17639,198216,10,0,1,1,True,False,True,9,1,0
2023-05-30,leg,17639,198216,10,0,1,1,True,False,True,10,1,0
2023-05-30,leg,263558,269138,10,0,334,4,True,False,False,1,334,0
2023-05-30,leg,263558,269138,10,0,334,4,True,False,False,2,334,0
2023-05-30,leg,263558,269138,10,0,334,4,True,False,False,3,334,0
2023-05-30,leg,263558,269138,10,0,334,4,True,False,False,4,334,0
2023-05-30,leg,263558,269138,10,0,334,4,True,False,False,5,334,0
2023-05-30,leg,263558,269138,10,0,334,4,True,False,False,6,334,0
2023-05-30,leg,263558,269138,10,0,334,4,True,False,False,7,334,0
2023-05-30,leg,263558,269138,10,0,334,4,True,False,False,8,334,0
2023-05-30,leg,263558,269138,10,0,334,4,True,False,False,9,334,0
2023-05-30,leg,263558,269138,10,0,334,4,True,False,False,10,334,0
2023-05-30,leg,52320,266029,10,0,1,1,True,False,True,1,1,0
2023-05-30,leg,52320,266029,10,0,1,1,True,False,True,2,1,0
2023-05-30,leg,52320,266029,10,0,1,1,True,False,True,3,1,0
2023-05-30,leg,52320,266029,10,0,1,1,True,False,True,4,1,0
2023-05-30,leg,52320,266029,10,0,1,1,True,False,True,5,1,0
2023-05-30,leg,52320,266029,10,0,1,1,True,False,True,6,1,0
2023-05-30,leg,52320,266029,10,0,1,1,True,False,True,7,1,0
2023-05-30,leg,52320,266029,10,0,1,1,True,False,True,8,1,0
2023-05-30,leg,52320,266029,10,0,1,1,True,False,True,9,1,0
2023-05-30,leg,52320,266029,10,0,1,1,True,False,True,10,1,0
2023-05-30,leg,17639,47949,10,0,2,"1,2",True,False,True,1,2,0
2023-05-30,leg,17639,47949,10,0,2,"1,2",True,False,True,2,2,0
2023-05-30,leg,17639,47949,10,0,2,"1,2",True,False,True,3,2,0
2023-05-30,leg,17639,47949,10,0,2,"1,2",True,False,True,4,2,0
2023-05-30,leg,17639,47949,10,0,2,"1,2",True,False,True,5,2,0
2023-05-30,leg,17639,47949,10,0,2,"1,2",True,False,True,6,2,0
2023-05-30,leg,17639,47949,10,0,2,"1,2",True,False,True,7,2,0
2023-05-30,leg,17639,47949,10,0,2,"1,2",True,False,True,8,2,0
2023-05-30,leg,17639,47949,10,0,2,"1,2",True,False,True,9,2,0
2023-05-30,leg,17639,47949,10,0,2,"1,2",True,False,True,10,2,0
2023-05-30,leg,59605,209768,10,0,1,1,True,False,True,1,1,0
2023-05-30,leg,59605,209768,10,0,1,1,True,False,True,2,1,0
2023-05-30,leg,59605,209768,10,0,1,1,True,False,True,3,1,0
2023-05-30,leg,59605,209768,10,0,1,1,True,False,True,4,1,0
2023-05-30,leg,59605,209768,10,0,1,1,True,False,True,5,1,0
2023-05-30,leg,59605,209768,10,0,1,1,True,False,True,6,1,0
2023-05-30,leg,59605,209768,10,0,1,1,True,False,True,7,1,0
2023-05-30,leg,59605,209768,10,0,1,1,True,False,True,8,1,0
2023-05-30,leg,59605,209768,10,0,1,1,True,False,True,9,1,0
2023-05-30,leg,59605,209768,10,0,1,1,True,False,True,10,1,0
2023-05-30,leg,4826,132835,10,0,73,1,True,False,False,1,72,1
2023-05-30,leg,4826,132835,10,0,73,1,True,False,False,2,72,1
2023-05-30,leg,4826,132835,10,0,73,1,True,False,False,3,73,0
2023-05-30,leg,4826,132835,10,0,73,1,True,False,False,4,73,0
2023-05-30,leg,4826,132835,10,0,73,1,True,False,False,5,73,0
2023-05-30,leg,4826,132835,10,0,73,1,True,False,False,6,73,0
2023-05-30,leg,4826,132835,10,0,73,1,True,False,False,7,73,0
2023-05-30,leg,4826,132835,10,0,73,1,True,False,False,8,73,0
2023-05-30,leg,4826,132835,10,0,73,1,True,False,False,9,73,0
2023-05-30,leg,4826,132835,10,0,73,1,True,False,False,10,73,0
2023-05-30,leg,17639,42207,10,0,1,1,True,False,True,1,1,0
2023-05-30,leg,17639,42207,10,0,1,1,True,False,True,2,1,0
2023-05-30,leg,17639,42207,10,0,1,1,True,False,True,3,1,0
2023-05-30,leg,17639,42207,10,0,1,1,True,False,True,4,1,0
2023-05-30,leg,17639,42207,10,0,1,1,True,False,True,5,1,0
2023-05-30,leg,17639,42207,10,0,1,1,True,False,True,6,1,0
2023-05-30,leg,17639,42207,10,0,1,1,True,False,True,7,1,0
2023-05-30,leg,17639,42207,10,0,1,1,True,False,True,8,1,0
2023-05-30,leg,17639,42207,10,0,1,1,True,False,True,9,1,0
2023-05-30,leg,17639,42207,10,0,1,1,True,False,True,10,1,0
2023-05-30,leg,28368,28598,10,0,16,1,False,False,False,1,9,7
2023-05-30,leg,28368,28598,10,0,16,1,False,False,False,2,9,7
2023-05-30,leg,28368,28598,10,0,16,1,False,False,False,3,10,6
2023-05-30,leg,28368,28598,10,0,16,1,False,False,False,4,10,6
2023-05-30,leg,28368,28598,10,0,16,1,False,False,False,5,10,6
2023-05-30,leg,28368,28598,10,0,16,1,False,False,False,6,10,6
2023-05-30,leg,28368,28598,10,0,16,1,False,False,False,7,9,7
2023-05-30,leg,28368,28598,10,0,16,1,False,False,False,8,11,5
2023-05-30,leg,28368,28598,10,0,16,1,False,False,False,9,10,6
2023-05-30,leg,28368,28598,10,0,16,1,False,False,False,10,11,5
2023-05-30,leg,17639,206703,10,0,1,1,True,False,True,1,1,0
2023-05-30,leg,17639,206703,10,0,1,1,True,False,True,2,1,0
2023-05-30,leg,17639,206703,10,0,1,1,True,False,True,3,1,0
2023-05-30,leg,17639,206703,10,0,1,1,True,False,True,4,1,0
2023-05-30,leg,17639,206703,10,0,1,1,True,False,True,5,1,0
2023-05-30,leg,17639,206703,10,0,1,1,True,False,True,6,1,0
2023-05-30,leg,17639,206703,10,0,1,1,True,False,True,7,1,0
2023-05-30,leg,17639,206703,10,0,1,1,True,False,True,8,1,0
2023-05-30,leg,17639,206703,10,0,1,1,True,False,True,9,1,0
2023-05-30,leg,17639,206703,10,0,1,1,True,False,True,10,1,0
2023-05-30,leg,17639,198072,10,0,1,1,True,False,True,1,1,0
2023-05-30,leg,17639,198072,10,0,1,1,True,False,True,2,1,0
2023-05-30,leg,17639,198072,10,0,1,1,True,False,True,3,1,0
2023-05-30,leg,17639,198072,10,0,1,1,True,False,True,4,1,0
2023-05-30,leg,17639,198072,10,0,1,1,True,False,True,5,1,0
2023-05-30,leg,17639,198072,10,0,1,1,True,False,True,6,1,0
2023-05-30,leg,17639,198072,10,0,1,1,True,False,True,7,1,0
2023-05-30,leg,17639,198072,10,0,1,1,True,False,True,8,1,0
2023-05-30,leg,17639,198072,10,0,1,1,True,False,True,9,1,0
2023-05-30,leg,17639,198072,10,0,1,1,True,False,True,10,1,0
2023-05-30,leg,17639,51597,10,0,1,1,True,False,True,1,1,0
2023-05-30,leg,17639,51597,10,0,1,1,True,False,True,2,1,0
2023-05-30,leg,17639,51597,10,0,1,1,True,False,True,3,1,0
2023-05-30,leg,17639,51597,10,0,1,1,True,False,True,4,1,0
2023-05-30,leg,17639,51597,10,0,1,1,True,False,True,5,1,0
2023-05-30,leg,17639,51597,10,0,1,1,True,False,True,6,1,0
2023-05-30,leg,17639,51597,10,0,1,1,True,False,True,7,1,0
2023-05-30,leg,17639,51597,10,0,1,1,True,False,True,8,1,0
2023-05-30,leg,17639,51597,10,0,1,1,True,False,True,9,1,0
2023-05-30,leg,17639,51597,10,0,1,1,True,False,True,10,1,0
2023-05-30,leg,12827,17639,10,0,1,1,True,False,True,1,1,0
2023-05-30,leg,12827,17639,10,0,1,1,True,False,True,2,1,0
2023-05-30,leg,12827,17639,10,0,1,1,True,False,True,3,1,0
2023-05-30,leg,12827,17639,10,0,1,1,True,False,True,4,1,0
2023-05-30,leg,12827,17639,10,0,1,1,True,False,True,5,1,0
2023-05-30,leg,12827,17639,10,0,1,1,True,False,True,6,1,0
2023-05-30,leg,12827,17639,10,0,1,1,True,False,True,7,1,0
2023-05-30,leg,12827,17639,10,0,1,1,True,False,True,8,1,0
2023-05-30,leg,12827,17639,10,0,1,1,True,False,True,9,1,0
2023-05-30,leg,12827,17639,10,0,1,1,True,False,True,10,1,0
2023-05-30,leg,17639,202129,10,0,1,1,True,False,True,1,1,0
2023-05-30,leg,17639,202129,10,0,1,1,True,False,True,2,1,0
2023-05-30,leg,17639,202129,10,0,1,1,True,False,True,3,1,0
2023-05-30,leg,17639,202129,10,0,1,1,True,False,True,4,1,0
2023-05-30,leg,17639,202129,10,0,1,1,True,False,True,5,1,0
2023-05-30,leg,17639,202129,10,0,1,1,True,False,True,6,1,0
2023-05-30,leg,17639,202129,10,0,1,1,True,False,True,7,1,0
2023-05-30,leg,17639,202129,10,0,1,1,True,False,True,8,1,0
2023-05-30,leg,17639,202129,10,0,1,1,True,False,True,9,1,0
2023-05-30,leg,17639,202129,10,0,1,1,True,False,True,10,1,0
2023-05-30,leg,17639,400282,10,0,8,"2,3,4",True,False,True,1,7,1
2023-05-30,leg,17639,400282,10,0,8,"2,3,4",True,False,True,2,8,0
2023-05-30,leg,17639,400282,10,0,8,"2,3,4",True,False,True,3,8,0
2023-05-30,leg,17639,400282,10,0,8,"2,3,4",True,False,True,4,8,0
2023-05-30,leg,17639,400282,10,0,8,"2,3,4",True,False,True,5,8,0
2023-05-30,leg,17639,400282,10,0,8,"2,3,4",True,False,True,6,8,0
2023-05-30,leg,17639,400282,10,0,8,"2,3,4",True,False,True,7,8,0
2023-05-30,leg,17639,400282,10,0,8,"2,3,4",True,False,True,8,8,0
2023-05-30,leg,17639,400282,10,0,8,"2,3,4",True,False,True,9,8,0
2023-05-30,leg,17639,400282,10,0,8,"2,3,4",True,False,True,10,8,0
2023-05-30,leg,60011,400587,10,0,1,1,True,False,False,1,1,0
2023-05-30,leg,60011,400587,10,0,1,1,True,False,False,2,1,0
2023-05-30,leg,60011,400587,10,0,1,1,True,False,False,3,1,0
2023-05-30,leg,60011,400587,10,0,1,1,True,False,False,4,1,0
2023-05-30,leg,60011,400587,10,0,1,1,True,False,False,5,1,0
2023-05-30,leg,60011,400587,10,0,1,1,True,False,False,6,1,0
2023-05-30,leg,60011,400587,10,0,1,1,True,False,False,7,1,0
2023-05-30,leg,60011,400587,10,0,1,1,True,False,False,8,1,0
2023-05-30,leg,60011,400587,10,0,1,1,True,False,False,9,1,0
2023-05-30,leg,60011,400587,10,0,1,1,True,False,False,10,1,0
2023-05-30,leg,8660,17639,10,0,1,1,True,True,True,1,1,0
2023-05-30,leg,8660,17639,10,0,1,1,True,True,True,2,1,0
2023-05-30,leg,8660,17639,10,0,1,1,True,True,True,3,1,0
2023-05-30,leg,8660,17639,10,0,1,1,True,True,True,4,1,0
2023-05-30,leg,8660,17639,10,0,1,1,True,True,True,5,1,0
2023-05-30,leg,8660,17639,10,0,1,1,True,True,True,6,1,0
2023-05-30,leg,8660,17639,10,0,1,1,True,True,True,7,1,0
2023-05-30,leg,8660,17639,10,0,1,1,True,True,True,8,1,0
2023-05-30,leg,8660,17639,10,0,1,1,True,True,True,9,1,0
2023-05-30,leg,8660,17639,10,0,1,1,True,True,True,10,1,0
2023-05-30,leg,17639,28858,10,0,1,2,True,False,True,1,1,0
2023-05-30,leg,17639,28858,10,0,1,2,True,False,True,2,1,0
2023-05-30,leg,17639,28858,10,0,1,2,True,False,True,3,1,0
2023-05-30,leg,17639,28858,10,0,1,2,True,False,True,4,1,0
2023-05-30,leg,17639,28858,10,0,1,2,True,False,True,5,1,0
2023-05-30,leg,17639,28858,10,0,1,2,True,False,True,6,1,0
2023-05-30,leg,17639,28858,10,0,1,2,True,False,True,7,1,0
2023-05-30,leg,17639,28858,10,0,1,2,True,False,True,8,1,0
2023-05-30,leg,17639,28858,10,0,1,2,True,False,True,9,1,0
2023-05-30,leg,17639,28858,10,0,1,2,True,False,True,10,1,0
2023-05-30,leg,17639,212602,10,0,1,1,True,False,True,1,1,0
2023-05-30,leg,17639,212602,10,0,1,1,True,False,True,2,1,0
2023-05-30,leg,17639,212602,10,0,1,1,True,False,True,3,1,0
2023-05-30,leg,17639,212602,10,0,1,1,True,False,True,4,1,0
2023-05-30,leg,17639,212602,10,0,1,1,True,False,True,5,1,0
2023-05-30,leg,17639,212602,10,0,1,1,True,False,True,6,1,0
2023-05-30,leg,17639,212602,10,0,1,1,True,False,True,7,1,0
2023-05-30,leg,17639,212602,10,0,1,1,True,False,True,8,1,0
2023-05-30,leg,17639,212602,10,0,1,1,True,False,True,9,1,0
2023-05-30,leg,17639,212602,10,0,1,1,True,False,True,10,1,0
2023-05-30,leg,293,16417,10,0,1,1,True,False,True,1,1,0
2023-05-30,leg,293,16417,10,0,1,1,True,False,True,2,1,0
2023-05-30,leg,293,16417,10,0,1,1,True,False,True,3,1,0
2023-05-30,leg,293,16417,10,0,1,1,True,False,True,4,1,0
2023-05-30,leg,293,16417,10,0,1,1,True,False,True,5,1,0
2023-05-30,leg,293,16417,10,0,1,1,True,False,True,6,1,0
2023-05-30,leg,293,16417,10,0,1,1,True,False,True,7,1,0
2023-05-30,leg,293,16417,10,0,1,1,True,False,True,8,1,0
2023-05-30,leg,293,16417,10,0,1,1,True,False,True,9,1,0
2023-05-30,leg,293,16417,10,0,1,1,True,False,True,10,1,0
2023-05-30,leg,293,203724,10,0,1,1,True,False,True,1,1,0
2023-05-30,leg,293,203724,10,0,1,1,True,False,True,2,1,0
2023-05-30,leg,293,203724,10,0,1,1,True,False,True,3,1,0
2023-05-30,leg,293,203724,10,0,1,1,True,False,True,4,1,0
2023-05-30,leg,293,203724,10,0,1,1,True,False,True,5,1,0
2023-05-30,leg,293,203724,10,0,1,1,True,False,True,6,1,0
2023-05-30,leg,293,203724,10,0,1,1,True,False,True,7,1,0
2023-05-30,leg,293,203724,10,0,1,1,True,False,True,8,1,0
2023-05-30,leg,293,203724,10,0,1,1,True,False,True,9,1,0
2023-05-30,leg,293,203724,10,0,1,1,True,False,True,10,1,0
2023-05-30,leg,17639,205139,10,0,1,1,True,False,True,1,1,0
2023-05-30,leg,17639,205139,10,0,1,1,True,False,True,2,1,0
2023-05-30,leg,17639,205139,10,0,1,1,True,False,True,3,1,0
2023-05-30,leg,17639,205139,10,0,1,1,True,False,True,4,1,0
2023-05-30,leg,17639,205139,10,0,1,1,True,False,True,5,1,0
2023-05-30,leg,17639,205139,10,0,1,1,True,False,True,6,1,0
2023-05-30,leg,17639,205139,10,0,1,1,True,False,True,7,1,0
2023-05-30,leg,17639,205139,10,0,1,1,True,False,True,8,1,0
2023-05-30,leg,17639,205139,10,0,1,1,True,False,True,9,1,0
2023-05-30,leg,17639,205139,10,0,1,1,True,False,True,10,1,0
2023-05-30,leg,17639,20986,10,0,1,1,True,False,True,1,1,0
2023-05-30,leg,17639,20986,10,0,1,1,True,False,True,2,1,0
2023-05-30,leg,17639,20986,10,0,1,1,True,False,True,3,1,0
2023-05-30,leg,17639,20986,10,0,1,1,True,False,True,4,1,0
2023-05-30,leg,17639,20986,10,0,1,1,True,False,True,5,1,0
2023-05-30,leg,17639,20986,10,0,1,1,True,False,True,6,1,0
2023-05-30,leg,17639,20986,10,0,1,1,True,False,True,7,1,0
2023-05-30,leg,17639,20986,10,0,1,1,True,False,True,8,1,0
2023-05-30,leg,17639,20986,10,0,1,1,True,False,True,9,1,0
2023-05-30,leg,17639,20986,10,0,1,1,True,False,True,10,1,0
2023-05-30,leg,17639,49359,10,0,1,1,True,False,True,1,1,0
2023-05-30,leg,17639,49359,10,0,1,1,True,False,True,2,1,0
2023-05-30,leg,17639,49359,10,0,1,1,True,False,True,3,1,0
2023-05-30,leg,17639,49359,10,0,1,1,True,False,True,4,1,0
2023-05-30,leg,17639,49359,10,0,1,1,True,False,True,5,1,0
2023-05-30,leg,17639,49359,10,0,1,1,True,False,True,6,1,0
2023-05-30,leg,17639,49359,10,0,1,1,True,False,True,7,1,0
2023-05-30,leg,17639,49359,10,0,1,1,True,False,True,8,1,0
2023-05-30,leg,17639,49359,10,0,1,1,True,False,True,9,1,0
2023-05-30,leg,17639,49359,10,0,1,1,True,False,True,10,1,0
2023-05-30,leg,17639,56449,10,0,2,"1,2",True,False,True,1,2,0
2023-05-30,leg,17639,56449,10,0,2,"1,2",True,False,True,2,2,0
2023-05-30,leg,17639,56449,10,0,2,"1,2",True,False,True,3,2,0
2023-05-30,leg,17639,56449,10,0,2,"1,2",True,False,True,4,2,0
2023-05-30,leg,17639,56449,10,0,2,"1,2",True,False,True,5,2,0
2023-05-30,leg,17639,56449,10,0,2,"1,2",True,False,True,6,2,0
2023-05-30,leg,17639,56449,10,0,2,"1,2",True,False,True,7,2,0
2023-05-30,leg,17639,56449,10,0,2,"1,2",True,False,True,8,2,0
2023-05-30,leg,17639,56449,10,0,2,"1,2",True,False,True,9,2,0
2023-05-30,leg,17639,56449,10,0,2,"1,2",True,False,True,10,2,0
2023-05-30,leg,17639,34312,10,0,1,1,True,False,True,1,1,0
2023-05-30,leg,17639,34312,10,0,1,1,True,False,True,2,1,0
2023-05-30,leg,17639,34312,10,0,1,1,True,False,True,3,1,0
2023-05-30,leg,17639,34312,10,0,1,1,True,False,True,4,1,0
2023-05-30,leg,17639,34312,10,0,1,1,True,False,True,5,1,0
2023-05-30,leg,17639,34312,10,0,1,1,True,False,True,6,1,0
2023-05-30,leg,17639,34312,10,0,1,1,True,False,True,7,1,0
2023-05-30,leg,17639,34312,10,0,1,1,True,False,True,8,1,0
2023-05-30,leg,17639,34312,10,0,1,1,True,False,True,9,1,0
2023-05-30,leg,17639,34312,10,0,1,1,True,False,True,10,1,0
2023-05-30,leg,17639,41631,10,0,1,1,True,False,True,1,1,0
2023-05-30,leg,17639,41631,10,0,1,1,True,False,True,2,1,0
2023-05-30,leg,17639,41631,10,0,1,1,True,False,True,3,1,0
2023-05-30,leg,17639,41631,10,0,1,1,True,False,True,4,1,0
2023-05-30,leg,17639,41631,10,0,1,1,True,False,True,5,1,0
2023-05-30,leg,17639,41631,10,0,1,1,True,False,True,6,1,0
2023-05-30,leg,17639,41631,10,0,1,1,True,False,True,7,1,0
2023-05-30,leg,17639,41631,10,0,1,1,True,False,True,8,1,0
2023-05-30,leg,17639,41631,10,0,1,1,True,False,True,9,1,0
2023-05-30,leg,17639,41631,10,0,1,1,True,False,True,10,1,0
2023-05-30,leg,17639,44291,10,0,1,1,True,False,True,1,1,0
2023-05-30,leg,17639,44291,10,0,1,1,True,False,True,2,1,0
2023-05-30,leg,17639,44291,10,0,1,1,True,False,True,3,1,0
2023-05-30,leg,17639,44291,10,0,1,1,True,False,True,4,1,0
2023-05-30,leg,17639,44291,10,0,1,1,True,False,True,5,1,0
2023-05-30,leg,17639,44291,10,0,1,1,True,False,True,6,1,0
2023-05-30,leg,17639,44291,10,0,1,1,True,False,True,7,1,0
2023-05-30,leg,17639,44291,10,0,1,1,True,False,True,8,1,0
2023-05-30,leg,17639,44291,10,0,1,1,True,False,True,9,1,0
2023-05-30,leg,17639,44291,10,0,1,1,True,False,True,10,1,0
2023-05-30,leg,17639,28161,10,0,1,1,True,False,True,1,1,0
2023-05-30,leg,17639,28161,10,0,1,1,True,False,True,2,1,0
2023-05-30,leg,17639,28161,10,0,1,1,True,False,True,3,1,0
2023-05-30,leg,17639,28161,10,0,1,1,True,False,True,4,1,0
2023-05-30,leg,17639,28161,10,0,1,1,True,False,True,5,1,0
2023-05-30,leg,17639,28161,10,0,1,1,True,False,True,6,1,0
2023-05-30,leg,17639,28161,10,0,1,1,True,False,True,7,1,0
2023-05-30,leg,17639,28161,10,0,1,1,True,False,True,8,1,0
2023-05-30,leg,17639,28161,10,0,1,1,True,False,True,9,1,0
2023-05-30,leg,17639,28161,10,0,1,1,True,False,True,10,1,0
2023-05-30,leg,2602,17639,10,0,1,1,True,False,True,1,1,0
2023-05-30,leg,2602,17639,10,0,1,1,True,False,True,2,1,0
2023-05-30,leg,2602,17639,10,0,1,1,True,False,True,3,1,0
2023-05-30,leg,2602,17639,10,0,1,1,True,False,True,4,1,0
2023-05-30,leg,2602,17639,10,0,1,1,True,False,True,5,1,0
2023-05-30,leg,2602,17639,10,0,1,1,True,False,True,6,1,0
2023-05-30,leg,2602,17639,10,0,1,1,True,False,True,7,1,0
2023-05-30,leg,2602,17639,10,0,1,1,True,False,True,8,1,0
2023-05-30,leg,2602,17639,10,0,1,1,True,False,True,9,1,0
2023-05-30,leg,2602,17639,10,0,1,1,True,False,True,10,1,0
2023-05-30,leg,17639,204622,10,0,1,1,True,False,True,1,1,0
2023-05-30,leg,17639,204622,10,0,1,1,True,False,True,2,1,0
2023-05-30,leg,17639,204622,10,0,1,1,True,False,True,3,1,0
2023-05-30,leg,17639,204622,10,0,1,1,True,False,True,4,1,0
2023-05-30,leg,17639,204622,10,0,1,1,True,False,True,5,1,0
2023-05-30,leg,17639,204622,10,0,1,1,True,False,True,6,1,0
2023-05-30,leg,17639,204622,10,0,1,1,True,False,True,7,1,0
2023-05-30,leg,17639,204622,10,0,1,1,True,False,True,8,1,0
2023-05-30,leg,17639,204622,10,0,1,1,True,False,True,9,1,0
2023-05-30,leg,17639,204622,10,0,1,1,True,False,True,10,1,0
2023-05-30,leg,28917,29319,10,0,38,3,False,False,False,1,38,0
2023-05-30,leg,28917,29319,10,0,38,3,False,False,False,2,38,0
2023-05-30,leg,28917,29319,10,0,38,3,False,False,False,3,38,0
2023-05-30,leg,28917,29319,10,0,38,3,False,False,False,4,38,0
2023-05-30,leg,28917,29319,10,0,38,3,False,False,False,5,38,0
2023-05-30,leg,28917,29319,10,0,38,3,False,False,False,6,38,0
2023-05-30,leg,28917,29319,10,0,38,3,False,False,False,7,38,0
2023-05-30,leg,28917,29319,10,0,38,3,False,False,False,8,38,0
2023-05-30,leg,28917,29319,10,0,38,3,False,False,False,9,38,0
2023-05-30,leg,28917,29319,10,0,38,3,False,False,False,10,38,0
2023-05-30,leg,17639,51960,10,0,1,1,True,False,True,1,1,0
2023-05-30,leg,17639,51960,10,0,1,1,True,False,True,2,1,0
2023-05-30,leg,17639,51960,10,0,1,1,True,False,True,3,1,0
2023-05-30,leg,17639,51960,10,0,1,1,True,False,True,4,1,0
2023-05-30,leg,17639,51960,10,0,1,1,True,False,True,5,1,0
2023-05-30,leg,17639,51960,10,0,1,1,True,False,True,6,1,0
2023-05-30,leg,17639,51960,10,0,1,1,True,False,True,7,1,0
2023-05-30,leg,17639,51960,10,0,1,1,True,False,True,8,1,0
2023-05-30,leg,17639,51960,10,0,1,1,True,False,True,9,1,0
2023-05-30,leg,17639,51960,10,0,1,1,True,False,True,10,1,0
2023-05-30,leg,29075,206446,10,0,2,1,True,False,False,1,2,0
2023-05-30,leg,29075,206446,10,0,2,1,True,False,False,2,2,0
2023-05-30,leg,29075,206446,10,0,2,1,True,False,False,3,2,0
2023-05-30,leg,29075,206446,10,0,2,1,True,False,False,4,2,0
2023-05-30,leg,29075,206446,10,0,2,1,True,False,False,5,2,0
2023-05-30,leg,29075,206446,10,0,2,1,True,False,False,6,2,0
2023-05-30,leg,29075,206446,10,0,2,1,True,False,False,7,2,0
2023-05-30,leg,29075,206446,10,0,2,1,True,False,False,8,2,0
2023-05-30,leg,29075,206446,10,0,2,1,True,False,False,9,2,0
2023-05-30,leg,29075,206446,10,0,2,1,True,False,False,10,2,0
2023-05-30,leg,16007,17639,10,0,1,1,True,False,True,1,1,0
2023-05-30,leg,16007,17639,10,0,1,1,True,False,True,2,1,0
2023-05-30,leg,16007,17639,10,0,1,1,True,False,True,3,1,0
2023-05-30,leg,16007,17639,10,0,1,1,True,False,True,4,1,0
2023-05-30,leg,16007,17639,10,0,1,1,True,False,True,5,1,0
2023-05-30,leg,16007,17639,10,0,1,1,True,False,True,6,1,0
2023-05-30,leg,16007,17639,10,0,1,1,True,False,True,7,1,0
2023-05-30,leg,16007,17639,10,0,1,1,True,False,True,8,1,0
2023-05-30,leg,16007,17639,10,0,1,1,True,False,True,9,1,0
2023-05-30,leg,16007,17639,10,0,1,1,True,False,True,10,1,0
2023-05-30,leg,17639,212700,10,0,1,1,True,False,True,1,1,0
2023-05-30,leg,17639,212700,10,0,1,1,True,False,True,2,1,0
2023-05-30,leg,17639,212700,10,0,1,1,True,False,True,3,1,0
2023-05-30,leg,17639,212700,10,0,1,1,True,False,True,4,1,0
2023-05-30,leg,17639,212700,10,0,1,1,True,False,True,5,1,0
2023-05-30,leg,17639,212700,10,0,1,1,True,False,True,6,1,0
2023-05-30,leg,17639,212700,10,0,1,1,True,False,True,7,1,0
2023-05-30,leg,17639,212700,10,0,1,1,True,False,True,8,1,0
2023-05-30,leg,17639,212700,10,0,1,1,True,False,True,9,1,0
2023-05-30,leg,17639,212700,10,0,1,1,True,False,True,10,1,0
2023-05-30,leg,17639,197833,10,0,1,1,True,False,True,1,1,0
2023-05-30,leg,17639,197833,10,0,1,1,True,False,True,2,1,0
2023-05-30,leg,17639,197833,10,0,1,1,True,False,True,3,1,0
2023-05-30,leg,17639,197833,10,0,1,1,True,False,True,4,1,0
2023-05-30,leg,17639,197833,10,0,1,1,True,False,True,5,1,0
2023-05-30,leg,17639,197833,10,0,1,1,True,False,True,6,1,0
2023-05-30,leg,17639,197833,10,0,1,1,True,False,True,7,1,0
2023-05-30,leg,17639,197833,10,0,1,1,True,False,True,8,1,0
2023-05-30,leg,17639,197833,10,0,1,1,True,False,True,9,1,0
2023-05-30,leg,17639,197833,10,0,1,1,True,False,True,10,1,0
2023-05-30,leg,17639,196750,10,0,1,2,True,False,True,1,1,0
2023-05-30,leg,17639,196750,10,0,1,2,True,False,True,2,1,0
2023-05-30,leg,17639,196750,10,0,1,2,True,False,True,3,1,0
2023-05-30,leg,17639,196750,10,0,1,2,True,False,True,4,1,0
2023-05-30,leg,17639,196750,10,0,1,2,True,False,True,5,1,0
2023-05-30,leg,17639,196750,10,0,1,2,True,False,True,6,1,0
2023-05-30,leg,17639,196750,10,0,1,2,True,False,True,7,1,0
2023-05-30,leg,17639,196750,10,0,1,2,True,False,True,8,1,0
2023-05-30,leg,17639,196750,10,0,1,2,True,False,True,9,1,0
2023-05-30,leg,17639,196750,10,0,1,2,True,False,True,10,1,0
2023-05-30,leg,264497,265147,10,0,196,1,True,False,False,1,196,0
2023-05-30,leg,264497,265147,10,0,196,1,True,False,False,2,196,0
2023-05-30,leg,264497,265147,10,0,196,1,True,False,False,3,196,0
2023-05-30,leg,264497,265147,10,0,196,1,True,False,False,4,196,0
2023-05-30,leg,264497,265147,10,0,196,1,True,False,False,5,196,0
2023-05-30,leg,264497,265147,10,0,196,1,True,False,False,6,196,0
2023-05-30,leg,264497,265147,10,0,196,1,True,False,False,7,196,0
2023-05-30,leg,264497,265147,10,0,196,1,True,False,False,8,196,0
2023-05-30,leg,264497,265147,10,0,196,1,True,False,False,9,196,0
2023-05-30,leg,264497,265147,10,0,196,1,True,False,False,10,196,0
2023-05-30,leg,17639,51178,10,0,9,"1,2,3",True,False,True,1,9,0
2023-05-30,leg,17639,51178,10,0,9,"1,2,3",True,False,True,2,9,0
2023-05-30,leg,17639,51178,10,0,9,"1,2,3",True,False,True,3,9,0
2023-05-30,leg,17639,51178,10,0,9,"1,2,3",True,False,True,4,9,0
2023-05-30,leg,17639,51178,10,0,9,"1,2,3",True,False,True,5,9,0
2023-05-30,leg,17639,51178,10,0,9,"1,2,3",True,False,True,6,9,0
2023-05-30,leg,17639,51178,10,0,9,"1,2,3",True,False,True,7,9,0
2023-05-30,leg,17639,51178,10,0,9,"1,2,3",True,False,True,8,9,0
2023-05-30,leg,17639,51178,10,0,9,"1,2,3",True,False,True,9,9,0
2023-05-30,leg,17639,51178,10,0,9,"1,2,3",True,False,True,10,9,0
2023-05-30,leg,17639,211918,10,0,1,1,True,False,True,1,1,0
2023-05-30,leg,17639,211918,10,0,1,1,True,False,True,2,1,0
2023-05-30,leg,17639,211918,10,0,1,1,True,False,True,3,1,0
2023-05-30,leg,17639,211918,10,0,1,1,True,False,True,4,1,0
2023-05-30,leg,17639,211918,10,0,1,1,True,False,True,5,1,0
2023-05-30,leg,17639,211918,10,0,1,1,True,False,True,6,1,0
2023-05-30,leg,17639,211918,10,0,1,1,True,False,True,7,1,0
2023-05-30,leg,17639,211918,10,0,1,1,True,False,True,8,1,0
2023-05-30,leg,17639,211918,10,0,1,1,True,False,True,9,1,0
2023-05-30,leg,17639,211918,10,0,1,1,True,False,True,10,1,0
2023-05-30,leg,17639,42812,10,0,3,"1,2",True,False,True,1,3,0
2023-05-30,leg,17639,42812,10,0,3,"1,2",True,False,True,2,3,0
2023-05-30,leg,17639,42812,10,0,3,"1,2",True,False,True,3,3,0
2023-05-30,leg,17639,42812,10,0,3,"1,2",True,False,True,4,3,0
2023-05-30,leg,17639,42812,10,0,3,"1,2",True,False,True,5,3,0
2023-05-30,leg,17639,42812,10,0,3,"1,2",True,False,True,6,3,0
2023-05-30,leg,17639,42812,10,0,3,"1,2",True,False,True,7,3,0
2023-05-30,leg,17639,42812,10,0,3,"1,2",True,False,True,8,3,0
2023-05-30,leg,17639,42812,10,0,3,"1,2",True,False,True,9,3,0
2023-05-30,leg,17639,42812,10,0,3,"1,2",True,False,True,10,3,0
2023-05-30,leg,34019,47631,10,0,2,1,True,False,False,1,2,0
2023-05-30,leg,34019,47631,10,0,2,1,True,False,False,2,2,0
2023-05-30,leg,34019,47631,10,0,2,1,True,False,False,3,2,0
2023-05-30,leg,34019,47631,10,0,2,1,True,False,False,4,2,0
2023-05-30,leg,34019,47631,10,0,2,1,True,False,False,5,2,0
2023-05-30,leg,34019,47631,10,0,2,1,True,False,False,6,2,0
2023-05-30,leg,34019,47631,10,0,2,1,True,False,False,7,2,0
2023-05-30,leg,34019,47631,10,0,2,1,True,False,False,8,2,0
2023-05-30,leg,34019,47631,10,0,2,1,True,False,False,9,2,0
2023-05-30,leg,34019,47631,10,0,2,1,True,False,False,10,2,0
2023-05-30,leg,17639,51708,10,0,1,1,True,False,True,1,1,0
2023-05-30,leg,17639,51708,10,0,1,1,True,False,True,2,1,0
2023-05-30,leg,17639,51708,10,0,1,1,True,False,True,3,1,0
2023-05-30,leg,17639,51708,10,0,1,1,True,False,True,4,1,0
2023-05-30,leg,17639,51708,10,0,1,1,True,False,True,5,1,0
2023-05-30,leg,17639,51708,10,0,1,1,True,False,True,6,1,0
2023-05-30,leg,17639,51708,10,0,1,1,True,False,True,7,1,0
2023-05-30,leg,17639,51708,10,0,1,1,True,False,True,8,1,0
2023-05-30,leg,17639,51708,10,0,1,1,True,False,True,9,1,0
2023-05-30,leg,17639,51708,10,0,1,1,True,False,True,10,1,0
2023-05-30,leg,17639,59930,10,0,1,1,True,False,True,1,1,0
2023-05-30,leg,17639,59930,10,0,1,1,True,False,True,2,1,0
2023-05-30,leg,17639,59930,10,0,1,1,True,False,True,3,1,0
2023-05-30,leg,17639,59930,10,0,1,1,True,False,True,4,1,0
2023-05-30,leg,17639,59930,10,0,1,1,True,False,True,5,1,0
2023-05-30,leg,17639,59930,10,0,1,1,True,False,True,6,1,0
2023-05-30,leg,17639,59930,10,0,1,1,True,False,True,7,1,0
2023-05-30,leg,17639,59930,10,0,1,1,True,False,True,8,1,0
2023-05-30,leg,17639,59930,10,0,1,1,True,False,True,9,1,0
2023-05-30,leg,17639,59930,10,0,1,1,True,False,True,10,1,0
2023-05-30,leg,9137,17639,10,0,1,1,True,False,True,1,1,0
2023-05-30,leg,9137,17639,10,0,1,1,True,False,True,2,1,0
2023-05-30,leg,9137,17639,10,0,1,1,True,False,True,3,1,0
2023-05-30,leg,9137,17639,10,0,1,1,True,False,True,4,1,0
2023-05-30,leg,9137,17639,10,0,1,1,True,False,True,5,1,0
2023-05-30,leg,9137,17639,10,0,1,1,True,False,True,6,1,0
2023-05-30,leg,9137,17639,10,0,1,1,True,False,True,7,1,0
2023-05-30,leg,9137,17639,10,0,1,1,True,False,True,8,1,0
2023-05-30,leg,9137,17639,10,0,1,1,True,False,True,9,1,0
2023-05-30,leg,9137,17639,10,0,1,1,True,False,True,10,1,0
2023-05-30,leg,17639,200434,10,0,1,1,True,False,True,1,1,0
2023-05-30,leg,17639,200434,10,0,1,1,True,False,True,2,1,0
2023-05-30,leg,17639,200434,10,0,1,1,True,False,True,3,1,0
2023-05-30,leg,17639,200434,10,0,1,1,True,False,True,4,1,0
2023-05-30,leg,17639,200434,10,0,1,1,True,False,True,5,1,0
2023-05-30,leg,17639,200434,10,0,1,1,True,False,True,6,1,0
2023-05-30,leg,17639,200434,10,0,1,1,True,False,True,7,1,0
2023-05-30,leg,17639,200434,10,0,1,1,True,False,True,8,1,0
2023-05-30,leg,17639,200434,10,0,1,1,True,False,True,9,1,0
2023-05-30,leg,17639,200434,10,0,1,1,True,False,True,10,1,0
2023-05-30,leg,52320,206446,10,0,2,1,True,False,False,1,2,0
2023-05-30,leg,52320,206446,10,0,2,1,True,False,False,2,2,0
2023-05-30,leg,52320,206446,10,0,2,1,True,False,False,3,2,0
2023-05-30,leg,52320,206446,10,0,2,1,True,False,False,4,2,0
2023-05-30,leg,52320,206446,10,0,2,1,True,False,False,5,2,0
2023-05-30,leg,52320,206446,10,0,2,1,True,False,False,6,2,0
2023-05-30,leg,52320,206446,10,0,2,1,True,False,False,7,2,0
2023-05-30,leg,52320,206446,10,0,2,1,True,False,False,8,2,0
2023-05-30,leg,52320,206446,10,0,2,1,True,False,False,9,2,0
2023-05-30,leg,52320,206446,10,0,2,1,True,False,False,10,2,0
2023-05-30,leg,17639,56403,10,0,1,1,True,False,True,1,1,0
2023-05-30,leg,17639,56403,10,0,1,1,True,False,True,2,1,0
2023-05-30,leg,17639,56403,10,0,1,1,True,False,True,3,1,0
2023-05-30,leg,17639,56403,10,0,1,1,True,False,True,4,1,0
2023-05-30,leg,17639,56403,10,0,1,1,True,False,True,5,1,0
2023-05-30,leg,17639,56403,10,0,1,1,True,False,True,6,1,0
2023-05-30,leg,17639,56403,10,0,1,1,True,False,True,7,1,0
2023-05-30,leg,17639,56403,10,0,1,1,True,False,True,8,1,0
2023-05-30,leg,17639,56403,10,0,1,1,True,False,True,9,1,0
2023-05-30,leg,17639,56403,10,0,1,1,True,False,True,10,1,0
2023-05-30,leg,15691,17639,10,0,1,1,True,False,True,1,1,0
2023-05-30,leg,15691,17639,10,0,1,1,True,False,True,2,1,0
2023-05-30,leg,15691,17639,10,0,1,1,True,False,True,3,1,0
2023-05-30,leg,15691,17639,10,0,1,1,True,False,True,4,1,0
2023-05-30,leg,15691,17639,10,0,1,1,True,False,True,5,1,0
2023-05-30,leg,15691,17639,10,0,1,1,True,False,True,6,1,0
2023-05-30,leg,15691,17639,10,0,1,1,True,False,True,7,1,0
2023-05-30,leg,15691,17639,10,0,1,1,True,False,True,8,1,0
2023-05-30,leg,15691,17639,10,0,1,1,True,False,True,9,1,0
2023-05-30,leg,15691,17639,10,0,1,1,True,False,True,10,1,0
2023-05-30,leg,1916,266481,10,0,1,1,True,False,False,1,1,0
2023-05-30,leg,1916,266481,10,0,1,1,True,False,False,2,1,0
2023-05-30,leg,1916,266481,10,0,1,1,True,False,False,3,1,0
2023-05-30,leg,1916,266481,10,0,1,1,True,False,False,4,1,0
2023-05-30,leg,1916,266481,10,0,1,1,True,False,False,5,1,0
2023-05-30,leg,1916,266481,10,0,1,1,True,False,False,6,1,0
2023-05-30,leg,1916,266481,10,0,1,1,True,False,False,7,1,0
2023-05-30,leg,1916,266481,10,0,1,1,True,False,False,8,1,0
2023-05-30,leg,1916,266481,10,0,1,1,True,False,False,9,1,0
2023-05-30,leg,1916,266481,10,0,1,1,True,False,False,10,1,0
2023-05-30,leg,17639,24768,10,0,1,1,True,False,True,1,1,0
2023-05-30,leg,17639,24768,10,0,1,1,True,False,True,2,1,0
2023-05-30,leg,17639,24768,10,0,1,1,True,False,True,3,1,0
2023-05-30,leg,17639,24768,10,0,1,1,True,False,True,4,1,0
2023-05-30,leg,17639,24768,10,0,1,1,True,False,True,5,1,0
2023-05-30,leg,17639,24768,10,0,1,1,True,False,True,6,1,0
2023-05-30,leg,17639,24768,10,0,1,1,True,False,True,7,1,0
2023-05-30,leg,17639,24768,10,0,1,1,True,False,True,8,1,0
2023-05-30,leg,17639,24768,10,0,1,1,True,False,True,9,1,0
2023-05-30,leg,17639,24768,10,0,1,1,True,False,True,10,1,0
2023-05-30,leg,7195,265646,10,0,666,"1,4",True,False,False,1,339,327
2023-05-30,leg,7195,265646,10,0,666,"1,4",True,False,False,2,606,60
2023-05-30,leg,7195,265646,10,0,666,"1,4",True,False,False,3,533,133
2023-05-30,leg,7195,265646,10,0,666,"1,4",True,False,False,4,639,27
2023-05-30,leg,7195,265646,10,0,666,"1,4",True,False,False,5,621,45
2023-05-30,leg,7195,265646,10,0,666,"1,4",True,False,False,6,662,4
2023-05-30,leg,7195,265646,10,0,666,"1,4",True,False,False,7,660,6
2023-05-30,leg,7195,265646,10,0,666,"1,4",True,False,False,8,665,1
2023-05-30,leg,7195,265646,10,0,666,"1,4",True,False,False,9,641,25
2023-05-30,leg,7195,265646,10,0,666,"1,4",True,False,False,10,662,4
2023-05-30,leg,17639,60725,10,0,1,1,True,False,True,1,1,0
2023-05-30,leg,17639,60725,10,0,1,1,True,False,True,2,1,0
2023-05-30,leg,17639,60725,10,0,1,1,True,False,True,3,1,0
2023-05-30,leg,17639,60725,10,0,1,1,True,False,True,4,1,0
2023-05-30,leg,17639,60725,10,0,1,1,True,False,True,5,1,0
2023-05-30,leg,17639,60725,10,0,1,1,True,False,True,6,1,0
2023-05-30,leg,17639,60725,10,0,1,1,True,False,True,7,1,0
2023-05-30,leg,17639,60725,10,0,1,1,True,False,True,8,1,0
2023-05-30,leg,17639,60725,10,0,1,1,True,False,True,9,1,0
2023-05-30,leg,17639,60725,10,0,1,1,True,False,True,10,1,0
2023-05-30,leg,17639,52997,10,0,1,1,True,False,True,1,1,0
2023-05-30,leg,17639,52997,10,0,1,1,True,False,True,2,1,0
2023-05-30,leg,17639,52997,10,0,1,1,True,False,True,3,1,0
2023-05-30,leg,17639,52997,10,0,1,1,True,False,True,4,1,0
2023-05-30,leg,17639,52997,10,0,1,1,True,False,True,5,1,0
2023-05-30,leg,17639,52997,10,0,1,1,True,False,True,6,1,0
2023-05-30,leg,17639,52997,10,0,1,1,True,False,True,7,1,0
2023-05-30,leg,17639,52997,10,0,1,1,True,False,True,8,1,0
2023-05-30,leg,17639,52997,10,0,1,1,True,False,True,9,1,0
2023-05-30,leg,17639,52997,10,0,1,1,True,False,True,10,1,0
2023-05-30,leg,293,18779,10,0,1,1,True,False,True,1,1,0
2023-05-30,leg,293,18779,10,0,1,1,True,False,True,2,1,0
2023-05-30,leg,293,18779,10,0,1,1,True,False,True,3,1,0
2023-05-30,leg,293,18779,10,0,1,1,True,False,True,4,1,0
2023-05-30,leg,293,18779,10,0,1,1,True,False,True,5,1,0
2023-05-30,leg,293,18779,10,0,1,1,True,False,True,6,1,0
2023-05-30,leg,293,18779,10,0,1,1,True,False,True,7,1,0
2023-05-30,leg,293,18779,10,0,1,1,True,False,True,8,1,0
2023-05-30,leg,293,18779,10,0,1,1,True,False,True,9,1,0
2023-05-30,leg,293,18779,10,0,1,1,True,False,True,10,1,0
2023-05-30,leg,17639,202626,10,0,1,1,True,False,True,1,1,0
2023-05-30,leg,17639,202626,10,0,1,1,True,False,True,2,1,0
2023-05-30,leg,17639,202626,10,0,1,1,True,False,True,3,1,0
2023-05-30,leg,17639,202626,10,0,1,1,True,False,True,4,1,0
2023-05-30,leg,17639,202626,10,0,1,1,True,False,True,5,1,0
2023-05-30,leg,17639,202626,10,0,1,1,True,False,True,6,1,0
2023-05-30,leg,17639,202626,10,0,1,1,True,False,True,7,1,0
2023-05-30,leg,17639,202626,10,0,1,1,True,False,True,8,1,0
2023-05-30,leg,17639,202626,10,0,1,1,True,False,True,9,1,0
2023-05-30,leg,17639,202626,10,0,1,1,True,False,True,10,1,0
2023-05-30,leg,17639,48158,10,0,1,1,True,False,True,1,1,0
2023-05-30,leg,17639,48158,10,0,1,1,True,False,True,2,1,0
2023-05-30,leg,17639,48158,10,0,1,1,True,False,True,3,1,0
2023-05-30,leg,17639,48158,10,0,1,1,True,False,True,4,1,0
2023-05-30,leg,17639,48158,10,0,1,1,True,False,True,5,1,0
2023-05-30,leg,17639,48158,10,0,1,1,True,False,True,6,1,0
2023-05-30,leg,17639,48158,10,0,1,1,True,False,True,7,1,0
2023-05-30,leg,17639,48158,10,0,1,1,True,False,True,8,1,0
2023-05-30,leg,17639,48158,10,0,1,1,True,False,True,9,1,0
2023-05-30,leg,17639,48158,10,0,1,1,True,False,True,10,1,0
2023-05-30,leg,17639,25154,10,0,1,1,True,False,True,1,1,0
2023-05-30,leg,17639,25154,10,0,1,1,True,False,True,2,1,0
2023-05-30,leg,17639,25154,10,0,1,1,True,False,True,3,1,0
2023-05-30,leg,17639,25154,10,0,1,1,True,False,True,4,1,0
2023-05-30,leg,17639,25154,10,0,1,1,True,False,True,5,1,0
2023-05-30,leg,17639,25154,10,0,1,1,True,False,True,6,1,0
2023-05-30,leg,17639,25154,10,0,1,1,True,False,True,7,1,0
2023-05-30,leg,17639,25154,10,0,1,1,True,False,True,8,1,0
2023-05-30,leg,17639,25154,10,0,1,1,True,False,True,9,1,0
2023-05-30,leg,17639,25154,10,0,1,1,True,False,True,10,1,0
2023-05-30,leg,57974,205794,10,0,1,1,True,False,False,1,1,0
2023-05-30,leg,57974,205794,10,0,1,1,True,False,False,2,1,0
2023-05-30,leg,57974,205794,10,0,1,1,True,False,False,3,1,0
2023-05-30,leg,57974,205794,10,0,1,1,True,False,False,4,1,0
2023-05-30,leg,57974,205794,10,0,1,1,True,False,False,5,1,0
2023-05-30,leg,57974,205794,10,0,1,1,True,False,False,6,1,0
2023-05-30,leg,57974,205794,10,0,1,1,True,False,False,7,1,0
2023-05-30,leg,57974,205794,10,0,1,1,True,False,False,8,1,0
2023-05-30,leg,57974,205794,10,0,1,1,True,False,False,9,1,0
2023-05-30,leg,57974,205794,10,0,1,1,True,False,False,10,1,0
2023-05-30,leg,61732,263609,10,0,361,"1,2",True,False,False,1,361,0
2023-05-30,leg,61732,263609,10,0,361,"1,2",True,False,False,2,361,0
2023-05-30,leg,61732,263609,10,0,361,"1,2",True,False,False,3,361,0
2023-05-30,leg,61732,263609,10,0,361,"1,2",True,False,False,4,361,0
2023-05-30,leg,61732,263609,10,0,361,"1,2",True,False,False,5,361,0
2023-05-30,leg,61732,263609,10,0,361,"1,2",True,False,False,6,361,0
2023-05-30,leg,61732,263609,10,0,361,"1,2",True,False,False,7,361,0
2023-05-30,leg,61732,263609,10,0,361,"1,2",True,False,False,8,361,0
2023-05-30,leg,61732,263609,10,0,361,"1,2",True,False,False,9,361,0
2023-05-30,leg,61732,263609,10,0,361,"1,2",True,False,False,10,361,0
2023-05-30,leg,17639,262791,10,0,2,"1,2",True,True,True,1,2,0
2023-05-30,leg,17639,262791,10,0,2,"1,2",True,True,True,2,2,0
2023-05-30,leg,17639,262791,10,0,2,"1,2",True,True,True,3,2,0
2023-05-30,leg,17639,262791,10,0,2,"1,2",True,True,True,4,2,0
2023-05-30,leg,17639,262791,10,0,2,"1,2",True,True,True,5,2,0
2023-05-30,leg,17639,262791,10,0,2,"1,2",True,True,True,6,2,0
2023-05-30,leg,17639,262791,10,0,2,"1,2",True,True,True,7,2,0
2023-05-30,leg,17639,262791,10,0,2,"1,2",True,True,True,8,2,0
2023-05-30,leg,17639,262791,10,0,2,"1,2",True,True,True,9,2,0
2023-05-30,leg,17639,262791,10,0,2,"1,2",True,True,True,10,2,0
2023-05-30,leg,39120,141721,10,0,1,2,True,False,True,1,1,0
2023-05-30,leg,39120,141721,10,0,1,2,True,False,True,2,1,0
2023-05-30,leg,39120,141721,10,0,1,2,True,False,True,3,1,0
2023-05-30,leg,39120,141721,10,0,1,2,True,False,True,4,1,0
2023-05-30,leg,39120,141721,10,0,1,2,True,False,True,5,1,0
2023-05-30,leg,39120,141721,10,0,1,2,True,False,True,6,1,0
2023-05-30,leg,39120,141721,10,0,1,2,True,False,True,7,1,0
2023-05-30,leg,39120,141721,10,0,1,2,True,False,True,8,1,0
2023-05-30,leg,39120,141721,10,0,1,2,True,False,True,9,1,0
2023-05-30,leg,39120,141721,10,0,1,2,True,False,True,10,1,0
2023-05-30,leg,17639,51577,10,0,2,"1,2",True,False,True,1,2,0
2023-05-30,leg,17639,51577,10,0,2,"1,2",True,False,True,2,2,0
2023-05-30,leg,17639,51577,10,0,2,"1,2",True,False,True,3,2,0
2023-05-30,leg,17639,51577,10,0,2,"1,2",True,False,True,4,2,0
2023-05-30,leg,17639,51577,10,0,2,"1,2",True,False,True,5,2,0
2023-05-30,leg,17639,51577,10,0,2,"1,2",True,False,True,6,2,0
2023-05-30,leg,17639,51577,10,0,2,"1,2",True,False,True,7,2,0
2023-05-30,leg,17639,51577,10,0,2,"1,2",True,False,True,8,2,0
2023-05-30,leg,17639,51577,10,0,2,"1,2",True,False,True,9,2,0
2023-05-30,leg,17639,51577,10,0,2,"1,2",True,False,True,10,2,0
2023-05-30,leg,17639,56910,10,0,1,2,True,False,True,1,1,0
2023-05-30,leg,17639,56910,10,0,1,2,True,False,True,2,1,0
2023-05-30,leg,17639,56910,10,0,1,2,True,False,True,3,1,0
2023-05-30,leg,17639,56910,10,0,1,2,True,False,True,4,1,0
2023-05-30,leg,17639,56910,10,0,1,2,True,False,True,5,1,0
2023-05-30,leg,17639,56910,10,0,1,2,True,False,True,6,1,0
2023-05-30,leg,17639,56910,10,0,1,2,True,False,True,7,1,0
2023-05-30,leg,17639,56910,10,0,1,2,True,False,True,8,1,0
2023-05-30,leg,17639,56910,10,0,1,2,True,False,True,9,1,0
2023-05-30,leg,17639,56910,10,0,1,2,True,False,True,10,1,0
2023-05-30,leg,34907,50263,10,0,48,"1,2",True,False,False,1,48,0
2023-05-30,leg,34907,50263,10,0,48,"1,2",True,False,False,2,48,0
2023-05-30,leg,34907,50263,10,0,48,"1,2",True,False,False,3,48,0
2023-05-30,leg,34907,50263,10,0,48,"1,2",True,False,False,4,48,0
2023-05-30,leg,34907,50263,10,0,48,"1,2",True,False,False,5,48,0
2023-05-30,leg,34907,50263,10,0,48,"1,2",True,False,False,6,48,0
2023-05-30,leg,34907,50263,10,0,48,"1,2",True,False,False,7,48,0
2023-05-30,leg,34907,50263,10,0,48,"1,2",True,False,False,8,48,0
2023-05-30,leg,34907,50263,10,0,48,"1,2",True,False,False,9,48,0
2023-05-30,leg,34907,50263,10,0,48,"1,2",True,False,False,10,48,0
2023-05-30,leg,293,14061,10,0,1,1,True,False,True,1,1,0
2023-05-30,leg,293,14061,10,0,1,1,True,False,True,2,1,0
2023-05-30,leg,293,14061,10,0,1,1,True,False,True,3,1,0
2023-05-30,leg,293,14061,10,0,1,1,True,False,True,4,1,0
2023-05-30,leg,293,14061,10,0,1,1,True,False,True,5,1,0
2023-05-30,leg,293,14061,10,0,1,1,True,False,True,6,1,0
2023-05-30,leg,293,14061,10,0,1,1,True,False,True,7,1,0
2023-05-30,leg,293,14061,10,0,1,1,True,False,True,8,1,0
2023-05-30,leg,293,14061,10,0,1,1,True,False,True,9,1,0
2023-05-30,leg,293,14061,10,0,1,1,True,False,True,10,1,0
2023-05-30,leg,17639,206539,10,0,1,1,True,False,True,1,1,0
2023-05-30,leg,17639,206539,10,0,1,1,True,False,True,2,1,0
2023-05-30,leg,17639,206539,10,0,1,1,True,False,True,3,1,0
2023-05-30,leg,17639,206539,10,0,1,1,True,False,True,4,1,0
2023-05-30,leg,17639,206539,10,0,1,1,True,False,True,5,1,0
2023-05-30,leg,17639,206539,10,0,1,1,True,False,True,6,1,0
2023-05-30,leg,17639,206539,10,0,1,1,True,False,True,7,1,0
2023-05-30,leg,17639,206539,10,0,1,1,True,False,True,8,1,0
2023-05-30,leg,17639,206539,10,0,1,1,True,False,True,9,1,0
2023-05-30,leg,17639,206539,10,0,1,1,True,False,True,10,1,0
2023-05-30,leg,17639,263056,10,0,1,1,True,False,True,1,1,0
2023-05-30,leg,17639,263056,10,0,1,1,True,False,True,2,1,0
2023-05-30,leg,17639,263056,10,0,1,1,True,False,True,3,1,0
2023-05-30,leg,17639,263056,10,0,1,1,True,False,True,4,1,0
2023-05-30,leg,17639,263056,10,0,1,1,True,False,True,5,1,0
2023-05-30,leg,17639,263056,10,0,1,1,True,False,True,6,1,0
2023-05-30,leg,17639,263056,10,0,1,1,True,False,True,7,1,0
2023-05-30,leg,17639,263056,10,0,1,1,True,False,True,8,1,0
2023-05-30,leg,17639,263056,10,0,1,1,True,False,True,9,1,0
2023-05-30,leg,17639,263056,10,0,1,1,True,False,True,10,1,0
2023-05-30,leg,293,46455,10,0,7,2,True,False,True,1,7,0
2023-05-30,leg,293,46455,10,0,7,2,True,False,True,2,7,0
2023-05-30,leg,293,46455,10,0,7,2,True,False,True,3,7,0
2023-05-30,leg,293,46455,10,0,7,2,True,False,True,4,7,0
2023-05-30,leg,293,46455,10,0,7,2,True,False,True,5,7,0
2023-05-30,leg,293,46455,10,0,7,2,True,False,True,6,7,0
2023-05-30,leg,293,46455,10,0,7,2,True,False,True,7,7,0
2023-05-30,leg,293,46455,10,0,7,2,True,False,True,8,7,0
2023-05-30,leg,293,46455,10,0,7,2,True,False,True,9,7,0
2023-05-30,leg,293,46455,10,0,7,2,True,False,True,10,7,0
2023-05-30,leg,45352,206446,10,0,1,1,True,False,True,1,1,0
2023-05-30,leg,45352,206446,10,0,1,1,True,False,True,2,1,0
2023-05-30,leg,45352,206446,10,0,1,1,True,False,True,3,1,0
2023-05-30,leg,45352,206446,10,0,1,1,True,False,True,4,1,0
2023-05-30,leg,45352,206446,10,0,1,1,True,False,True,5,1,0
2023-05-30,leg,45352,206446,10,0,1,1,True,False,True,6,1,0
2023-05-30,leg,45352,206446,10,0,1,1,True,False,True,7,1,0
2023-05-30,leg,45352,206446,10,0,1,1,True,False,True,8,1,0
2023-05-30,leg,45352,206446,10,0,1,1,True,False,True,9,1,0
2023-05-30,leg,45352,206446,10,0,1,1,True,False,True,10,1,0
2023-05-30,leg,262532,263558,10,0,188,6,True,False,False,1,188,0
2023-05-30,leg,262532,263558,10,0,188,6,True,False,False,2,188,0
2023-05-30,leg,262532,263558,10,0,188,6,True,False,False,3,188,0
2023-05-30,leg,262532,263558,10,0,188,6,True,False,False,4,188,0
2023-05-30,leg,262532,263558,10,0,188,6,True,False,False,5,188,0
2023-05-30,leg,262532,263558,10,0,188,6,True,False,False,6,188,0
2023-05-30,leg,262532,263558,10,0,188,6,True,False,False,7,188,0
2023-05-30,leg,262532,263558,10,0,188,6,True,False,False,8,188,0
2023-05-30,leg,262532,263558,10,0,188,6,True,False,False,9,188,0
2023-05-30,leg,262532,263558,10,0,188,6,True,False,False,10,188,0
2023-05-30,leg,17639,204180,10,0,1,1,True,False,True,1,1,0
2023-05-30,leg,17639,204180,10,0,1,1,True,False,True,2,1,0
2023-05-30,leg,17639,204180,10,0,1,1,True,False,True,3,1,0
2023-05-30,leg,17639,204180,10,0,1,1,True,False,True,4,1,0
2023-05-30,leg,17639,204180,10,0,1,1,True,False,True,5,1,0
2023-05-30,leg,17639,204180,10,0,1,1,True,False,True,6,1,0
2023-05-30,leg,17639,204180,10,0,1,1,True,False,True,7,1,0
2023-05-30,leg,17639,204180,10,0,1,1,True,False,True,8,1,0
2023-05-30,leg,17639,204180,10,0,1,1,True,False,True,9,1,0
2023-05-30,leg,17639,204180,10,0,1,1,True,False,True,10,1,0
2023-05-30,leg,17639,262503,10,0,3,"1,2",True,True,True,1,2,1
2023-05-30,leg,17639,262503,10,0,3,"1,2",True,True,True,2,3,0
2023-05-30,leg,17639,262503,10,0,3,"1,2",True,True,True,3,3,0
2023-05-30,leg,17639,262503,10,0,3,"1,2",True,True,True,4,3,0
2023-05-30,leg,17639,262503,10,0,3,"1,2",True,True,True,5,3,0
2023-05-30,leg,17639,262503,10,0,3,"1,2",True,True,True,6,3,0
2023-05-30,leg,17639,262503,10,0,3,"1,2",True,True,True,7,3,0
2023-05-30,leg,17639,262503,10,0,3,"1,2",True,True,True,8,3,0
2023-05-30,leg,17639,262503,10,0,3,"1,2",True,True,True,9,3,0
2023-05-30,leg,17639,262503,10,0,3,"1,2",True,True,True,10,3,0
2023-05-30,leg,265410,268077,10,0,146,1,False,False,False,1,146,0
2023-05-30,leg,265410,268077,10,0,146,1,False,False,False,2,146,0
2023-05-30,leg,265410,268077,10,0,146,1,False,False,False,3,146,0
2023-05-30,leg,265410,268077,10,0,146,1,False,False,False,4,146,0
2023-05-30,leg,265410,268077,10,0,146,1,False,False,False,5,146,0
2023-05-30,leg,265410,268077,10,0,146,1,False,False,False,6,146,0
2023-05-30,leg,265410,268077,10,0,146,1,False,False,False,7,146,0
2023-05-30,leg,265410,268077,10,0,146,1,False,False,False,8,146,0
2023-05-30,leg,265410,268077,10,0,146,1,False,False,False,9,146,0
2023-05-30,leg,265410,268077,10,0,146,1,False,False,False,10,146,0
2023-05-30,leg,17639,200918,10,0,1,1,True,False,True,1,1,0
2023-05-30,leg,17639,200918,10,0,1,1,True,False,True,2,1,0
2023-05-30,leg,17639,200918,10,0,1,1,True,False,True,3,1,0
2023-05-30,leg,17639,200918,10,0,1,1,True,False,True,4,1,0
2023-05-30,leg,17639,200918,10,0,1,1,True,False,True,5,1,0
2023-05-30,leg,17639,200918,10,0,1,1,True,False,True,6,1,0
2023-05-30,leg,17639,200918,10,0,1,1,True,False,True,7,1,0
2023-05-30,leg,17639,200918,10,0,1,1,True,False,True,8,1,0
2023-05-30,leg,17639,200918,10,0,1,1,True,False,True,9,1,0
2023-05-30,leg,17639,200918,10,0,1,1,True,False,True,10,1,0
2023-05-30,leg,17639,206022,10,0,1,1,True,False,True,1,1,0
2023-05-30,leg,17639,206022,10,0,1,1,True,False,True,2,1,0
2023-05-30,leg,17639,206022,10,0,1,1,True,False,True,3,1,0
2023-05-30,leg,17639,206022,10,0,1,1,True,False,True,4,1,0
2023-05-30,leg,17639,206022,10,0,1,1,True,False,True,5,1,0
2023-05-30,leg,17639,206022,10,0,1,1,True,False,True,6,1,0
2023-05-30,leg,17639,206022,10,0,1,1,True,False,True,7,1,0
2023-05-30,leg,17639,206022,10,0,1,1,True,False,True,8,1,0
2023-05-30,leg,17639,206022,10,0,1,1,True,False,True,9,1,0
2023-05-30,leg,17639,206022,10,0,1,1,True,False,True,10,1,0
2023-05-30,leg,17639,205384,10,0,1,1,True,False,True,1,1,0
2023-05-30,leg,17639,205384,10,0,1,1,True,False,True,2,1,0
2023-05-30,leg,17639,205384,10,0,1,1,True,False,True,3,1,0
2023-05-30,leg,17639,205384,10,0,1,1,True,False,True,4,1,0
2023-05-30,leg,17639,205384,10,0,1,1,True,False,True,5,1,0
2023-05-30,leg,17639,205384,10,0,1,1,True,False,True,6,1,0
2023-05-30,leg,17639,205384,10,0,1,1,True,False,True,7,1,0
2023-05-30,leg,17639,205384,10,0,1,1,True,False,True,8,1,0
2023-05-30,leg,17639,205384,10,0,1,1,True,False,True,9,1,0
2023-05-30,leg,17639,205384,10,0,1,1,True,False,True,10,1,0
2023-05-30,leg,17639,57332,10,0,1,1,True,False,True,1,1,0
2023-05-30,leg,17639,57332,10,0,1,1,True,False,True,2,1,0
2023-05-30,leg,17639,57332,10,0,1,1,True,False,True,3,1,0
2023-05-30,leg,17639,57332,10,0,1,1,True,False,True,4,1,0
2023-05-30,leg,17639,57332,10,0,1,1,True,False,True,5,1,0
2023-05-30,leg,17639,57332,10,0,1,1,True,False,True,6,1,0
2023-05-30,leg,17639,57332,10,0,1,1,True,False,True,7,1,0
2023-05-30,leg,17639,57332,10,0,1,1,True,False,True,8,1,0
2023-05-30,leg,17639,57332,10,0,1,1,True,False,True,9,1,0
2023-05-30,leg,17639,57332,10,0,1,1,True,False,True,10,1,0
2023-05-30,leg,17639,211391,10,0,1,1,True,False,True,1,1,0
2023-05-30,leg,17639,211391,10,0,1,1,True,False,True,2,1,0
2023-05-30,leg,17639,211391,10,0,1,1,True,False,True,3,1,0
2023-05-30,leg,17639,211391,10,0,1,1,True,False,True,4,1,0
2023-05-30,leg,17639,211391,10,0,1,1,True,False,True,5,1,0
2023-05-30,leg,17639,211391,10,0,1,1,True,False,True,6,1,0
2023-05-30,leg,17639,211391,10,0,1,1,True,False,True,7,1,0
2023-05-30,leg,17639,211391,10,0,1,1,True,False,True,8,1,0
2023-05-30,leg,17639,211391,10,0,1,1,True,False,True,9,1,0
2023-05-30,leg,17639,211391,10,0,1,1,True,False,True,10,1,0
2023-05-30,leg,17639,50507,10,0,1,1,True,False,True,1,1,0
2023-05-30,leg,17639,50507,10,0,1,1,True,False,True,2,1,0
2023-05-30,leg,17639,50507,10,0,1,1,True,False,True,3,1,0
2023-05-30,leg,17639,50507,10,0,1,1,True,False,True,4,1,0
2023-05-30,leg,17639,50507,10,0,1,1,True,False,True,5,1,0
2023-05-30,leg,17639,50507,10,0,1,1,True,False,True,6,1,0
2023-05-30,leg,17639,50507,10,0,1,1,True,False,True,7,1,0
2023-05-30,leg,17639,50507,10,0,1,1,True,False,True,8,1,0
2023-05-30,leg,17639,50507,10,0,1,1,True,False,True,9,1,0
2023-05-30,leg,17639,50507,10,0,1,1,True,False,True,10,1,0
2023-05-30,leg,924,203283,10,0,228,1,True,False,False,1,224,4
2023-05-30,leg,924,203283,10,0,228,1,True,False,False,2,228,0
2023-05-30,leg,924,203283,10,0,228,1,True,False,False,3,228,0
2023-05-30,leg,924,203283,10,0,228,1,True,False,False,4,228,0
2023-05-30,leg,924,203283,10,0,228,1,True,False,False,5,228,0
2023-05-30,leg,924,203283,10,0,228,1,True,False,False,6,228,0
2023-05-30,leg,924,203283,10,0,228,1,True,False,False,7,228,0
2023-05-30,leg,924,203283,10,0,228,1,True,False,False,8,228,0
2023-05-30,leg,924,203283,10,0,228,1,True,False,False,9,228,0
2023-05-30,leg,924,203283,10,0,228,1,True,False,False,10,228,0
2023-05-30,leg,17639,39661,10,0,1,1,True,False,True,1,1,0
2023-05-30,leg,17639,39661,10,0,1,1,True,False,True,2,1,0
2023-05-30,leg,17639,39661,10,0,1,1,True,False,True,3,1,0
2023-05-30,leg,17639,39661,10,0,1,1,True,False,True,4,1,0
2023-05-30,leg,17639,39661,10,0,1,1,True,False,True,5,1,0
2023-05-30,leg,17639,39661,10,0,1,1,True,False,True,6,1,0
2023-05-30,leg,17639,39661,10,0,1,1,True,False,True,7,1,0
2023-05-30,leg,17639,39661,10,0,1,1,True,False,True,8,1,0
2023-05-30,leg,17639,39661,10,0,1,1,True,False,True,9,1,0
2023-05-30,leg,17639,39661,10,0,1,1,True,False,True,10,1,0
2023-05-30,leg,17639,44765,10,0,1,1,True,False,True,1,1,0
2023-05-30,leg,17639,44765,10,0,1,1,True,False,True,2,1,0
2023-05-30,leg,17639,44765,10,0,1,1,True,False,True,3,1,0
2023-05-30,leg,17639,44765,10,0,1,1,True,False,True,4,1,0
2023-05-30,leg,17639,44765,10,0,1,1,True,False,True,5,1,0
2023-05-30,leg,17639,44765,10,0,1,1,True,False,True,6,1,0
2023-05-30,leg,17639,44765,10,0,1,1,True,False,True,7,1,0
2023-05-30,leg,17639,44765,10,0,1,1,True,False,True,8,1,0
2023-05-30,leg,17639,44765,10,0,1,1,True,False,True,9,1,0
2023-05-30,leg,17639,44765,10,0,1,1,True,False,True,10,1,0
2023-05-30,leg,17639,212559,10,0,1,1,True,False,True,1,1,0
2023-05-30,leg,17639,212559,10,0,1,1,True,False,True,2,1,0
2023-05-30,leg,17639,212559,10,0,1,1,True,False,True,3,1,0
2023-05-30,leg,17639,212559,10,0,1,1,True,False,True,4,1,0
2023-05-30,leg,17639,212559,10,0,1,1,True,False,True,5,1,0
2023-05-30,leg,17639,212559,10,0,1,1,True,False,True,6,1,0
2023-05-30,leg,17639,212559,10,0,1,1,True,False,True,7,1,0
2023-05-30,leg,17639,212559,10,0,1,1,True,False,True,8,1,0
2023-05-30,leg,17639,212559,10,0,1,1,True,False,True,9,1,0
2023-05-30,leg,17639,212559,10,0,1,1,True,False,True,10,1,0
2023-05-30,leg,28263,262355,10,0,2,3,True,False,False,1,2,0
2023-05-30,leg,28263,262355,10,0,2,3,True,False,False,2,2,0
2023-05-30,leg,28263,262355,10,0,2,3,True,False,False,3,2,0
2023-05-30,leg,28263,262355,10,0,2,3,True,False,False,4,2,0
2023-05-30,leg,28263,262355,10,0,2,3,True,False,False,5,2,0
2023-05-30,leg,28263,262355,10,0,2,3,True,False,False,6,2,0
2023-05-30,leg,28263,262355,10,0,2,3,True,False,False,7,2,0
2023-05-30,leg,28263,262355,10,0,2,3,True,False,False,8,2,0
2023-05-30,leg,28263,262355,10,0,2,3,True,False,False,9,2,0
2023-05-30,leg,28263,262355,10,0,2,3,True,False,False,10,2,0
2023-05-30,leg,18106,41118,10,0,1,1,True,False,True,1,1,0
2023-05-30,leg,18106,41118,10,0,1,1,True,False,True,2,1,0
2023-05-30,leg,18106,41118,10,0,1,1,True,False,True,3,1,0
2023-05-30,leg,18106,41118,10,0,1,1,True,False,True,4,1,0
2023-05-30,leg,18106,41118,10,0,1,1,True,False,True,5,1,0
2023-05-30,leg,18106,41118,10,0,1,1,True,False,True,6,1,0
2023-05-30,leg,18106,41118,10,0,1,1,True,False,True,7,1,0
2023-05-30,leg,18106,41118,10,0,1,1,True,False,True,8,1,0
2023-05-30,leg,18106,41118,10,0,1,1,True,False,True,9,1,0
2023-05-30,leg,18106,41118,10,0,1,1,True,False,True,10,1,0
2023-05-30,leg,293,40317,10,0,1,1,True,False,True,1,1,0
2023-05-30,leg,293,40317,10,0,1,1,True,False,True,2,1,0
2023-05-30,leg,293,40317,10,0,1,1,True,False,True,3,1,0
2023-05-30,leg,293,40317,10,0,1,1,True,False,True,4,1,0
2023-05-30,leg,293,40317,10,0,1,1,True,False,True,5,1,0
2023-05-30,leg,293,40317,10,0,1,1,True,False,True,6,1,0
2023-05-30,leg,293,40317,10,0,1,1,True,False,True,7,1,0
2023-05-30,leg,293,40317,10,0,1,1,True,False,True,8,1,0
2023-05-30,leg,293,40317,10,0,1,1,True,False,True,9,1,0
2023-05-30,leg,293,40317,10,0,1,1,True,False,True,10,1,0
2023-05-30,leg,17639,30886,10,0,1,1,True,False,True,1,1,0
2023-05-30,leg,17639,30886,10,0,1,1,True,False,True,2,1,0
2023-05-30,leg,17639,30886,10,0,1,1,True,False,True,3,1,0
2023-05-30,leg,17639,30886,10,0,1,1,True,False,True,4,1,0
2023-05-30,leg,17639,30886,10,0,1,1,True,False,True,5,1,0
2023-05-30,leg,17639,30886,10,0,1,1,True,False,True,6,1,0
2023-05-30,leg,17639,30886,10,0,1,1,True,False,True,7,1,0
2023-05-30,leg,17639,30886,10,0,1,1,True,False,True,8,1,0
2023-05-30,leg,17639,30886,10,0,1,1,True,False,True,9,1,0
2023-05-30,leg,17639,30886,10,0,1,1,True,False,True,10,1,0
2023-05-30,leg,33891,45499,10,0,1,1,True,False,False,1,1,0
2023-05-30,leg,33891,45499,10,0,1,1,True,False,False,2,1,0
2023-05-30,leg,33891,45499,10,0,1,1,True,False,False,3,1,0
2023-05-30,leg,33891,45499,10,0,1,1,True,False,False,4,1,0
2023-05-30,leg,33891,45499,10,0,1,1,True,False,False,5,1,0
2023-05-30,leg,33891,45499,10,0,1,1,True,False,False,6,1,0
2023-05-30,leg,33891,45499,10,0,1,1,True,False,False,7,1,0
2023-05-30,leg,33891,45499,10,0,1,1,True,False,False,8,1,0
2023-05-30,leg,33891,45499,10,0,1,1,True,False,False,9,1,0
2023-05-30,leg,33891,45499,10,0,1,1,True,False,False,10,1,0
2023-05-30,leg,17639,43309,10,0,1,1,True,False,True,1,1,0
2023-05-30,leg,17639,43309,10,0,1,1,True,False,True,2,1,0
2023-05-30,leg,17639,43309,10,0,1,1,True,False,True,3,1,0
2023-05-30,leg,17639,43309,10,0,1,1,True,False,True,4,1,0
2023-05-30,leg,17639,43309,10,0,1,1,True,False,True,5,1,0
2023-05-30,leg,17639,43309,10,0,1,1,True,False,True,6,1,0
2023-05-30,leg,17639,43309,10,0,1,1,True,False,True,7,1,0
2023-05-30,leg,17639,43309,10,0,1,1,True,False,True,8,1,0
2023-05-30,leg,17639,43309,10,0,1,1,True,False,True,9,1,0
2023-05-30,leg,17639,43309,10,0,1,1,True,False,True,10,1,0
2023-05-30,leg,50673,262744,10,0,1,1,True,False,False,1,1,0
2023-05-30,leg,50673,262744,10,0,1,1,True,False,False,2,1,0
2023-05-30,leg,50673,262744,10,0,1,1,True,False,False,3,1,0
2023-05-30,leg,50673,262744,10,0,1,1,True,False,False,4,1,0
2023-05-30,leg,50673,262744,10,0,1,1,True,False,False,5,1,0
2023-05-30,leg,50673,262744,10,0,1,1,True,False,False,6,1,0
2023-05-30,leg,50673,262744,10,0,1,1,True,False,False,7,1,0
2023-05-30,leg,50673,262744,10,0,1,1,True,False,False,8,1,0
2023-05-30,leg,50673,262744,10,0,1,1,True,False,False,9,1,0
2023-05-30,leg,50673,262744,10,0,1,1,True,False,False,10,1,0
2023-05-30,leg,17639,206673,10,0,1,1,True,False,True,1,1,0
2023-05-30,leg,17639,206673,10,0,1,1,True,False,True,2,1,0
2023-05-30,leg,17639,206673,10,0,1,1,True,False,True,3,1,0
2023-05-30,leg,17639,206673,10,0,1,1,True,False,True,4,1,0
2023-05-30,leg,17639,206673,10,0,1,1,True,False,True,5,1,0
2023-05-30,leg,17639,206673,10,0,1,1,True,False,True,6,1,0
2023-05-30,leg,17639,206673,10,0,1,1,True,False,True,7,1,0
2023-05-30,leg,17639,206673,10,0,1,1,True,False,True,8,1,0
2023-05-30,leg,17639,206673,10,0,1,1,True,False,True,9,1,0
2023-05-30,leg,17639,206673,10,0,1,1,True,False,True,10,1,0
2023-05-30,leg,12637,206446,10,0,1,1,True,False,False,1,1,0
2023-05-30,leg,12637,206446,10,0,1,1,True,False,False,2,1,0
2023-05-30,leg,12637,206446,10,0,1,1,True,False,False,3,1,0
2023-05-30,leg,12637,206446,10,0,1,1,True,False,False,4,1,0
2023-05-30,leg,12637,206446,10,0,1,1,True,False,False,5,1,0
2023-05-30,leg,12637,206446,10,0,1,1,True,False,False,6,1,0
2023-05-30,leg,12637,206446,10,0,1,1,True,False,False,7,1,0
2023-05-30,leg,12637,206446,10,0,1,1,True,False,False,8,1,0
2023-05-30,leg,12637,206446,10,0,1,1,True,False,False,9,1,0
2023-05-30,leg,12637,206446,10,0,1,1,True,False,False,10,1,0
2023-05-30,leg,17639,41624,10,0,1,1,True,False,True,1,1,0
2023-05-30,leg,17639,41624,10,0,1,1,True,False,True,2,1,0
2023-05-30,leg,17639,41624,10,0,1,1,True,False,True,3,1,0
2023-05-30,leg,17639,41624,10,0,1,1,True,False,True,4,1,0
2023-05-30,leg,17639,41624,10,0,1,1,True,False,True,5,1,0
2023-05-30,leg,17639,41624,10,0,1,1,True,False,True,6,1,0
2023-05-30,leg,17639,41624,10,0,1,1,True,False,True,7,1,0
2023-05-30,leg,17639,41624,10,0,1,1,True,False,True,8,1,0
2023-05-30,leg,17639,41624,10,0,1,1,True,False,True,9,1,0
2023-05-30,leg,17639,41624,10,0,1,1,True,False,True,10,1,0
2023-05-30,leg,17639,205891,10,0,1,1,True,False,True,1,1,0
2023-05-30,leg,17639,205891,10,0,1,1,True,False,True,2,1,0
2023-05-30,leg,17639,205891,10,0,1,1,True,False,True,3,1,0
2023-05-30,leg,17639,205891,10,0,1,1,True,False,True,4,1,0
2023-05-30,leg,17639,205891,10,0,1,1,True,False,True,5,1,0
2023-05-30,leg,17639,205891,10,0,1,1,True,False,True,6,1,0
2023-05-30,leg,17639,205891,10,0,1,1,True,False,True,7,1,0
2023-05-30,leg,17639,205891,10,0,1,1,True,False,True,8,1,0
2023-05-30,leg,17639,205891,10,0,1,1,True,False,True,9,1,0
2023-05-30,leg,17639,205891,10,0,1,1,True,False,True,10,1,0
2023-05-30,leg,17639,199475,10,0,1,1,True,False,True,1,1,0
2023-05-30,leg,17639,199475,10,0,1,1,True,False,True,2,1,0
2023-05-30,leg,17639,199475,10,0,1,1,True,False,True,3,1,0
2023-05-30,leg,17639,199475,10,0,1,1,True,False,True,4,1,0
2023-05-30,leg,17639,199475,10,0,1,1,True,False,True,5,1,0
2023-05-30,leg,17639,199475,10,0,1,1,True,False,True,6,1,0
2023-05-30,leg,17639,199475,10,0,1,1,True,False,True,7,1,0
2023-05-30,leg,17639,199475,10,0,1,1,True,False,True,8,1,0
2023-05-30,leg,17639,199475,10,0,1,1,True,False,True,9,1,0
2023-05-30,leg,17639,199475,10,0,1,1,True,False,True,10,1,0
2023-05-30,leg,17639,41974,10,0,1,1,True,False,True,1,1,0
2023-05-30,leg,17639,41974,10,0,1,1,True,False,True,2,1,0
2023-05-30,leg,17639,41974,10,0,1,1,True,False,True,3,1,0
2023-05-30,leg,17639,41974,10,0,1,1,True,False,True,4,1,0
2023-05-30,leg,17639,41974,10,0,1,1,True,False,True,5,1,0
2023-05-30,leg,17639,41974,10,0,1,1,True,False,True,6,1,0
2023-05-30,leg,17639,41974,10,0,1,1,True,False,True,7,1,0
2023-05-30,leg,17639,41974,10,0,1,1,True,False,True,8,1,0
2023-05-30,leg,17639,41974,10,0,1,1,True,False,True,9,1,0
2023-05-30,leg,17639,41974,10,0,1,1,True,False,True,10,1,0
2023-05-30,leg,17639,51279,10,0,1,1,True,False,True,1,1,0
2023-05-30,leg,17639,51279,10,0,1,1,True,False,True,2,1,0
2023-05-30,leg,17639,51279,10,0,1,1,True,False,True,3,1,0
2023-05-30,leg,17639,51279,10,0,1,1,True,False,True,4,1,0
2023-05-30,leg,17639,51279,10,0,1,1,True,False,True,5,1,0
2023-05-30,leg,17639,51279,10,0,1,1,True,False,True,6,1,0
2023-05-30,leg,17639,51279,10,0,1,1,True,False,True,7,1,0
2023-05-30,leg,17639,51279,10,0,1,1,True,False,True,8,1,0
2023-05-30,leg,17639,51279,10,0,1,1,True,False,True,9,1,0
2023-05-30,leg,17639,51279,10,0,1,1,True,False,True,10,1,0
2023-05-30,leg,17639,44454,10,0,1,1,True,False,True,1,1,0
2023-05-30,leg,17639,44454,10,0,1,1,True,False,True,2,1,0
2023-05-30,leg,17639,44454,10,0,1,1,True,False,True,3,1,0
2023-05-30,leg,17639,44454,10,0,1,1,True,False,True,4,1,0
2023-05-30,leg,17639,44454,10,0,1,1,True,False,True,5,1,0
2023-05-30,leg,17639,44454,10,0,1,1,True,False,True,6,1,0
2023-05-30,leg,17639,44454,10,0,1,1,True,False,True,7,1,0
2023-05-30,leg,17639,44454,10,0,1,1,True,False,True,8,1,0
2023-05-30,leg,17639,44454,10,0,1,1,True,False,True,9,1,0
2023-05-30,leg,17639,44454,10,0,1,1,True,False,True,10,1,0
2023-05-30,leg,293,40824,10,0,2,"1,2",True,False,True,1,2,0
2023-05-30,leg,293,40824,10,0,2,"1,2",True,False,True,2,2,0
2023-05-30,leg,293,40824,10,0,2,"1,2",True,False,True,3,2,0
2023-05-30,leg,293,40824,10,0,2,"1,2",True,False,True,4,2,0
2023-05-30,leg,293,40824,10,0,2,"1,2",True,False,True,5,2,0
2023-05-30,leg,293,40824,10,0,2,"1,2",True,False,True,6,2,0
2023-05-30,leg,293,40824,10,0,2,"1,2",True,False,True,7,2,0
2023-05-30,leg,293,40824,10,0,2,"1,2",True,False,True,8,2,0
2023-05-30,leg,293,40824,10,0,2,"1,2",True,False,True,9,2,0
2023-05-30,leg,293,40824,10,0,2,"1,2",True,False,True,10,2,0
2023-05-30,leg,17639,42913,10,0,2,"1,2",True,False,True,1,2,0
2023-05-30,leg,17639,42913,10,0,2,"1,2",True,False,True,2,2,0
2023-05-30,leg,17639,42913,10,0,2,"1,2",True,False,True,3,2,0
2023-05-30,leg,17639,42913,10,0,2,"1,2",True,False,True,4,2,0
2023-05-30,leg,17639,42913,10,0,2,"1,2",True,False,True,5,2,0
2023-05-30,leg,17639,42913,10,0,2,"1,2",True,False,True,6,2,0
2023-05-30,leg,17639,42913,10,0,2,"1,2",True,False,True,7,2,0
2023-05-30,leg,17639,42913,10,0,2,"1,2",True,False,True,8,2,0
2023-05-30,leg,17639,42913,10,0,2,"1,2",True,False,True,9,2,0
2023-05-30,leg,17639,42913,10,0,2,"1,2",True,False,True,10,2,0
2023-05-30,leg,17639,42504,10,0,1,1,True,False,True,1,1,0
2023-05-30,leg,17639,42504,10,0,1,1,True,False,True,2,1,0
2023-05-30,leg,17639,42504,10,0,1,1,True,False,True,3,1,0
2023-05-30,leg,17639,42504,10,0,1,1,True,False,True,4,1,0
2023-05-30,leg,17639,42504,10,0,1,1,True,False,True,5,1,0
2023-05-30,leg,17639,42504,10,0,1,1,True,False,True,6,1,0
2023-05-30,leg,17639,42504,10,0,1,1,True,False,True,7,1,0
2023-05-30,leg,17639,42504,10,0,1,1,True,False,True,8,1,0
2023-05-30,leg,17639,42504,10,0,1,1,True,False,True,9,1,0
2023-05-30,leg,17639,42504,10,0,1,1,True,False,True,10,1,0
2023-05-30,leg,55329,206446,10,0,1,1,True,False,False,1,1,0
2023-05-30,leg,55329,206446,10,0,1,1,True,False,False,2,1,0
2023-05-30,leg,55329,206446,10,0,1,1,True,False,False,3,1,0
2023-05-30,leg,55329,206446,10,0,1,1,True,False,False,4,1,0
2023-05-30,leg,55329,206446,10,0,1,1,True,False,False,5,1,0
2023-05-30,leg,55329,206446,10,0,1,1,True,False,False,6,1,0
2023-05-30,leg,55329,206446,10,0,1,1,True,False,False,7,1,0
2023-05-30,leg,55329,206446,10,0,1,1,True,False,False,8,1,0
2023-05-30,leg,55329,206446,10,0,1,1,True,False,False,9,1,0
2023-05-30,leg,55329,206446,10,0,1,1,True,False,False,10,1,0
2023-05-30,leg,17639,60705,10,0,1,1,True,False,True,1,1,0
2023-05-30,leg,17639,60705,10,0,1,1,True,False,True,2,1,0
2023-05-30,leg,17639,60705,10,0,1,1,True,False,True,3,1,0
2023-05-30,leg,17639,60705,10,0,1,1,True,False,True,4,1,0
2023-05-30,leg,17639,60705,10,0,1,1,True,False,True,5,1,0
2023-05-30,leg,17639,60705,10,0,1,1,True,False,True,6,1,0
2023-05-30,leg,17639,60705,10,0,1,1,True,False,True,7,1,0
2023-05-30,leg,17639,60705,10,0,1,1,True,False,True,8,1,0
2023-05-30,leg,17639,60705,10,0,1,1,True,False,True,9,1,0
2023-05-30,leg,17639,60705,10,0,1,1,True,False,True,10,1,0
2023-05-30,leg,13182,17639,10,0,1,1,True,False,True,1,1,0
2023-05-30,leg,13182,17639,10,0,1,1,True,False,True,2,1,0
2023-05-30,leg,13182,17639,10,0,1,1,True,False,True,3,1,0
2023-05-30,leg,13182,17639,10,0,1,1,True,False,True,4,1,0
2023-05-30,leg,13182,17639,10,0,1,1,True,False,True,5,1,0
2023-05-30,leg,13182,17639,10,0,1,1,True,False,True,6,1,0
2023-05-30,leg,13182,17639,10,0,1,1,True,False,True,7,1,0
2023-05-30,leg,13182,17639,10,0,1,1,True,False,True,8,1,0
2023-05-30,leg,13182,17639,10,0,1,1,True,False,True,9,1,0
2023-05-30,leg,13182,17639,10,0,1,1,True,False,True,10,1,0
2023-05-30,leg,271806,272110,10,0,3,1,True,False,False,1,3,0
2023-05-30,leg,271806,272110,10,0,3,1,True,False,False,2,3,0
2023-05-30,leg,271806,272110,10,0,3,1,True,False,False,3,3,0
2023-05-30,leg,271806,272110,10,0,3,1,True,False,False,4,3,0
2023-05-30,leg,271806,272110,10,0,3,1,True,False,False,5,3,0
2023-05-30,leg,271806,272110,10,0,3,1,True,False,False,6,3,0
2023-05-30,leg,271806,272110,10,0,3,1,True,False,False,7,3,0
2023-05-30,leg,271806,272110,10,0,3,1,True,False,False,8,3,0
2023-05-30,leg,271806,272110,10,0,3,1,True,False,False,9,3,0
2023-05-30,leg,271806,272110,10,0,3,1,True,False,False,10,3,0
2023-05-30,leg,17639,24990,10,0,2,2,True,False,True,1,2,0
2023-05-30,leg,17639,24990,10,0,2,2,True,False,True,2,2,0
2023-05-30,leg,17639,24990,10,0,2,2,True,False,True,3,2,0
2023-05-30,leg,17639,24990,10,0,2,2,True,False,True,4,2,0
2023-05-30,leg,17639,24990,10,0,2,2,True,False,True,5,2,0
2023-05-30,leg,17639,24990,10,0,2,2,True,False,True,6,2,0
2023-05-30,leg,17639,24990,10,0,2,2,True,False,True,7,2,0
2023-05-30,leg,17639,24990,10,0,2,2,True,False,True,8,2,0
2023-05-30,leg,17639,24990,10,0,2,2,True,False,True,9,2,0
2023-05-30,leg,17639,24990,10,0,2,2,True,False,True,10,2,0
2023-05-30,leg,17639,211623,10,0,1,1,True,False,True,1,1,0
2023-05-30,leg,17639,211623,10,0,1,1,True,False,True,2,1,0
2023-05-30,leg,17639,211623,10,0,1,1,True,False,True,3,1,0
2023-05-30,leg,17639,211623,10,0,1,1,True,False,True,4,1,0
2023-05-30,leg,17639,211623,10,0,1,1,True,False,True,5,1,0
2023-05-30,leg,17639,211623,10,0,1,1,True,False,True,6,1,0
2023-05-30,leg,17639,211623,10,0,1,1,True,False,True,7,1,0
2023-05-30,leg,17639,211623,10,0,1,1,True,False,True,8,1,0
2023-05-30,leg,17639,211623,10,0,1,1,True,False,True,9,1,0
2023-05-30,leg,17639,211623,10,0,1,1,True,False,True,10,1,0
2023-05-30,leg,17639,209408,10,0,1,1,True,False,True,1,1,0
2023-05-30,leg,17639,209408,10,0,1,1,True,False,True,2,1,0
2023-05-30,leg,17639,209408,10,0,1,1,True,False,True,3,1,0
2023-05-30,leg,17639,209408,10,0,1,1,True,False,True,4,1,0
2023-05-30,leg,17639,209408,10,0,1,1,True,False,True,5,1,0
2023-05-30,leg,17639,209408,10,0,1,1,True,False,True,6,1,0
2023-05-30,leg,17639,209408,10,0,1,1,True,False,True,7,1,0
2023-05-30,leg,17639,209408,10,0,1,1,True,False,True,8,1,0
2023-05-30,leg,17639,209408,10,0,1,1,True,False,True,9,1,0
2023-05-30,leg,17639,209408,10,0,1,1,True,False,True,10,1,0
2023-05-30,leg,17639,207013,10,0,1,1,True,False,True,1,1,0
2023-05-30,leg,17639,207013,10,0,1,1,True,False,True,2,1,0
2023-05-30,leg,17639,207013,10,0,1,1,True,False,True,3,1,0
2023-05-30,leg,17639,207013,10,0,1,1,True,False,True,4,1,0
2023-05-30,leg,17639,207013,10,0,1,1,True,False,True,5,1,0
2023-05-30,leg,17639,207013,10,0,1,1,True,False,True,6,1,0
2023-05-30,leg,17639,207013,10,0,1,1,True,False,True,7,1,0
2023-05-30,leg,17639,207013,10,0,1,1,True,False,True,8,1,0
2023-05-30,leg,17639,207013,10,0,1,1,True,False,True,9,1,0
2023-05-30,leg,17639,207013,10,0,1,1,True,False,True,10,1,0
2023-05-30,leg,18002,150090,10,0,79,"2,3",True,False,False,1,79,0
2023-05-30,leg,18002,150090,10,0,79,"2,3",True,False,False,2,79,0
2023-05-30,leg,18002,150090,10,0,79,"2,3",True,False,False,3,79,0
2023-05-30,leg,18002,150090,10,0,79,"2,3",True,False,False,4,79,0
2023-05-30,leg,18002,150090,10,0,79,"2,3",True,False,False,5,79,0
2023-05-30,leg,18002,150090,10,0,79,"2,3",True,False,False,6,79,0
2023-05-30,leg,18002,150090,10,0,79,"2,3",True,False,False,7,79,0
2023-05-30,leg,18002,150090,10,0,79,"2,3",True,False,False,8,79,0
2023-05-30,leg,18002,150090,10,0,79,"2,3",True,False,False,9,79,0
2023-05-30,leg,18002,150090,10,0,79,"2,3",True,False,False,10,79,0
2023-05-30,leg,17639,206784,10,0,1,1,True,False,True,1,1,0
2023-05-30,leg,17639,206784,10,0,1,1,True,False,True,2,1,0
2023-05-30,leg,17639,206784,10,0,1,1,True,False,True,3,1,0
2023-05-30,leg,17639,206784,10,0,1,1,True,False,True,4,1,0
2023-05-30,leg,17639,206784,10,0,1,1,True,False,True,5,1,0
2023-05-30,leg,17639,206784,10,0,1,1,True,False,True,6,1,0
2023-05-30,leg,17639,206784,10,0,1,1,True,False,True,7,1,0
2023-05-30,leg,17639,206784,10,0,1,1,True,False,True,8,1,0
2023-05-30,leg,17639,206784,10,0,1,1,True,False,True,9,1,0
2023-05-30,leg,17639,206784,10,0,1,1,True,False,True,10,1,0
2023-05-30,leg,17639,53219,10,0,2,"1,2",True,False,True,1,2,0
2023-05-30,leg,17639,53219,10,0,2,"1,2",True,False,True,2,2,0
2023-05-30,leg,17639,53219,10,0,2,"1,2",True,False,True,3,2,0
2023-05-30,leg,17639,53219,10,0,2,"1,2",True,False,True,4,2,0
2023-05-30,leg,17639,53219,10,0,2,"1,2",True,False,True,5,2,0
2023-05-30,leg,17639,53219,10,0,2,"1,2",True,False,True,6,2,0
2023-05-30,leg,17639,53219,10,0,2,"1,2",True,False,True,7,2,0
2023-05-30,leg,17639,53219,10,0,2,"1,2",True,False,True,8,2,0
2023-05-30,leg,17639,53219,10,0,2,"1,2",True,False,True,9,2,0
2023-05-30,leg,17639,53219,10,0,2,"1,2",True,False,True,10,2,0
2023-05-30,leg,2486,17639,10,0,1,1,True,False,True,1,1,0
2023-05-30,leg,2486,17639,10,0,1,1,True,False,True,2,1,0
2023-05-30,leg,2486,17639,10,0,1,1,True,False,True,3,1,0
2023-05-30,leg,2486,17639,10,0,1,1,True,False,True,4,1,0
2023-05-30,leg,2486,17639,10,0,1,1,True,False,True,5,1,0
2023-05-30,leg,2486,17639,10,0,1,1,True,False,True,6,1,0
2023-05-30,leg,2486,17639,10,0,1,1,True,False,True,7,1,0
2023-05-30,leg,2486,17639,10,0,1,1,True,False,True,8,1,0
2023-05-30,leg,2486,17639,10,0,1,1,True,False,True,9,1,0
2023-05-30,leg,2486,17639,10,0,1,1,True,False,True,10,1,0
2023-05-30,leg,17639,56373,10,0,1,1,True,False,True,1,1,0
2023-05-30,leg,17639,56373,10,0,1,1,True,False,True,2,1,0
2023-05-30,leg,17639,56373,10,0,1,1,True,False,True,3,1,0
2023-05-30,leg,17639,56373,10,0,1,1,True,False,True,4,1,0
2023-05-30,leg,17639,56373,10,0,1,1,True,False,True,5,1,0
2023-05-30,leg,17639,56373,10,0,1,1,True,False,True,6,1,0
2023-05-30,leg,17639,56373,10,0,1,1,True,False,True,7,1,0
2023-05-30,leg,17639,56373,10,0,1,1,True,False,True,8,1,0
2023-05-30,leg,17639,56373,10,0,1,1,True,False,True,9,1,0
2023-05-30,leg,17639,56373,10,0,1,1,True,False,True,10,1,0
2023-05-30,leg,136106,137306,10,0,2,2,True,False,False,1,2,0
2023-05-30,leg,136106,137306,10,0,2,2,True,False,False,2,2,0
2023-05-30,leg,136106,137306,10,0,2,2,True,False,False,3,2,0
2023-05-30,leg,136106,137306,10,0,2,2,True,False,False,4,2,0
2023-05-30,leg,136106,137306,10,0,2,2,True,False,False,5,2,0
2023-05-30,leg,136106,137306,10,0,2,2,True,False,False,6,2,0
2023-05-30,leg,136106,137306,10,0,2,2,True,False,False,7,2,0
2023-05-30,leg,136106,137306,10,0,2,2,True,False,False,8,2,0
2023-05-30,leg,136106,137306,10,0,2,2,True,False,False,9,2,0
2023-05-30,leg,136106,137306,10,0,2,2,True,False,False,10,2,0
2023-05-30,leg,39775,57277,10,0,2,1,True,False,False,1,2,0
2023-05-30,leg,39775,57277,10,0,2,1,True,False,False,2,2,0
2023-05-30,leg,39775,57277,10,0,2,1,True,False,False,3,2,0
2023-05-30,leg,39775,57277,10,0,2,1,True,False,False,4,2,0
2023-05-30,leg,39775,57277,10,0,2,1,True,False,False,5,2,0
2023-05-30,leg,39775,57277,10,0,2,1,True,False,False,6,2,0
2023-05-30,leg,39775,57277,10,0,2,1,True,False,False,7,2,0
2023-05-30,leg,39775,57277,10,0,2,1,True,False,False,8,2,0
2023-05-30,leg,39775,57277,10,0,2,1,True,False,False,9,2,0
2023-05-30,leg,39775,57277,10,0,2,1,True,False,False,10,2,0
2023-05-30,leg,174,201338,10,0,5,1,True,False,False,1,5,0
2023-05-30,leg,174,201338,10,0,5,1,True,False,False,2,5,0
2023-05-30,leg,174,201338,10,0,5,1,True,False,False,3,5,0
2023-05-30,leg,174,201338,10,0,5,1,True,False,False,4,5,0
2023-05-30,leg,174,201338,10,0,5,1,True,False,False,5,5,0
2023-05-30,leg,174,201338,10,0,5,1,True,False,False,6,5,0
2023-05-30,leg,174,201338,10,0,5,1,True,False,False,7,5,0
2023-05-30,leg,174,201338,10,0,5,1,True,False,False,8,5,0
2023-05-30,leg,174,201338,10,0,5,1,True,False,False,9,5,0
2023-05-30,leg,174,201338,10,0,5,1,True,False,False,10,5,0
2023-05-30,leg,17639,51390,10,0,1,1,True,False,True,1,1,0
2023-05-30,leg,17639,51390,10,0,1,1,True,False,True,2,1,0
2023-05-30,leg,17639,51390,10,0,1,1,True,False,True,3,1,0
2023-05-30,leg,17639,51390,10,0,1,1,True,False,True,4,1,0
2023-05-30,leg,17639,51390,10,0,1,1,True,False,True,5,1,0
2023-05-30,leg,17639,51390,10,0,1,1,True,False,True,6,1,0
2023-05-30,leg,17639,51390,10,0,1,1,True,False,True,7,1,0
2023-05-30,leg,17639,51390,10,0,1,1,True,False,True,8,1,0
2023-05-30,leg,17639,51390,10,0,1,1,True,False,True,9,1,0
2023-05-30,leg,17639,51390,10,0,1,1,True,False,True,10,1,0
2023-05-30,leg,293,18978,10,0,1,1,True,False,True,1,1,0
2023-05-30,leg,293,18978,10,0,1,1,True,False,True,2,1,0
2023-05-30,leg,293,18978,10,0,1,1,True,False,True,3,1,0
2023-05-30,leg,293,18978,10,0,1,1,True,False,True,4,1,0
2023-05-30,leg,293,18978,10,0,1,1,True,False,True,5,1,0
2023-05-30,leg,293,18978,10,0,1,1,True,False,True,6,1,0
2023-05-30,leg,293,18978,10,0,1,1,True,False,True,7,1,0
2023-05-30,leg,293,18978,10,0,1,1,True,False,True,8,1,0
2023-05-30,leg,293,18978,10,0,1,1,True,False,True,9,1,0
2023-05-30,leg,293,18978,10,0,1,1,True,False,True,10,1,0
2023-05-30,leg,293,32798,10,0,1,1,True,False,True,1,1,0
2023-05-30,leg,293,32798,10,0,1,1,True,False,True,2,1,0
2023-05-30,leg,293,32798,10,0,1,1,True,False,True,3,1,0
2023-05-30,leg,293,32798,10,0,1,1,True,False,True,4,1,0
2023-05-30,leg,293,32798,10,0,1,1,True,False,True,5,1,0
2023-05-30,leg,293,32798,10,0,1,1,True,False,True,6,1,0
2023-05-30,leg,293,32798,10,0,1,1,True,False,True,7,1,0
2023-05-30,leg,293,32798,10,0,1,1,True,False,True,8,1,0
2023-05-30,leg,293,32798,10,0,1,1,True,False,True,9,1,0
2023-05-30,leg,293,32798,10,0,1,1,True,False,True,10,1,0
2023-05-30,leg,17639,203993,10,0,2,"1,2",True,False,True,1,2,0
2023-05-30,leg,17639,203993,10,0,2,"1,2",True,False,True,2,2,0
2023-05-30,leg,17639,203993,10,0,2,"1,2",True,False,True,3,2,0
2023-05-30,leg,17639,203993,10,0,2,"1,2",True,False,True,4,2,0
2023-05-30,leg,17639,203993,10,0,2,"1,2",True,False,True,5,2,0
2023-05-30,leg,17639,203993,10,0,2,"1,2",True,False,True,6,2,0
2023-05-30,leg,17639,203993,10,0,2,"1,2",True,False,True,7,2,0
2023-05-30,leg,17639,203993,10,0,2,"1,2",True,False,True,8,2,0
2023-05-30,leg,17639,203993,10,0,2,"1,2",True,False,True,9,2,0
2023-05-30,leg,17639,203993,10,0,2,"1,2",True,False,True,10,2,0
2023-05-30,leg,17639,262725,10,0,1,2,True,False,True,1,1,0
2023-05-30,leg,17639,262725,10,0,1,2,True,False,True,2,1,0
2023-05-30,leg,17639,262725,10,0,1,2,True,False,True,3,1,0
2023-05-30,leg,17639,262725,10,0,1,2,True,False,True,4,1,0
2023-05-30,leg,17639,262725,10,0,1,2,True,False,True,5,1,0
2023-05-30,leg,17639,262725,10,0,1,2,True,False,True,6,1,0
2023-05-30,leg,17639,262725,10,0,1,2,True,False,True,7,1,0
2023-05-30,leg,17639,262725,10,0,1,2,True,False,True,8,1,0
2023-05-30,leg,17639,262725,10,0,1,2,True,False,True,9,1,0
2023-05-30,leg,17639,262725,10,0,1,2,True,False,True,10,1,0
2023-05-30,leg,17639,62622,10,0,1,1,True,False,True,1,1,0
2023-05-30,leg,17639,62622,10,0,1,1,True,False,True,2,1,0
2023-05-30,leg,17639,62622,10,0,1,1,True,False,True,3,1,0
2023-05-30,leg,17639,62622,10,0,1,1,True,False,True,4,1,0
2023-05-30,leg,17639,62622,10,0,1,1,True,False,True,5,1,0
2023-05-30,leg,17639,62622,10,0,1,1,True,False,True,6,1,0
2023-05-30,leg,17639,62622,10,0,1,1,True,False,True,7,1,0
2023-05-30,leg,17639,62622,10,0,1,1,True,False,True,8,1,0
2023-05-30,leg,17639,62622,10,0,1,1,True,False,True,9,1,0
2023-05-30,leg,17639,62622,10,0,1,1,True,False,True,10,1,0
2023-05-30,leg,8966,399606,10,0,1,1,True,False,False,1,1,0
2023-05-30,leg,8966,399606,10,0,1,1,True,False,False,2,1,0
2023-05-30,leg,8966,399606,10,0,1,1,True,False,False,3,1,0
2023-05-30,leg,8966,399606,10,0,1,1,True,False,False,4,1,0
2023-05-30,leg,8966,399606,10,0,1,1,True,False,False,5,1,0
2023-05-30,leg,8966,399606,10,0,1,1,True,False,False,6,1,0
2023-05-30,leg,8966,399606,10,0,1,1,True,False,False,7,1,0
2023-05-30,leg,8966,399606,10,0,1,1,True,False,False,8,1,0
2023-05-30,leg,8966,399606,10,0,1,1,True,False,False,9,1,0
2023-05-30,leg,8966,399606,10,0,1,1,True,False,False,10,1,0
2023-05-30,leg,15738,17639,10,0,1,2,True,False,True,1,1,0
2023-05-30,leg,15738,17639,10,0,1,2,True,False,True,2,1,0
2023-05-30,leg,15738,17639,10,0,1,2,True,False,True,3,1,0
2023-05-30,leg,15738,17639,10,0,1,2,True,False,True,4,1,0
2023-05-30,leg,15738,17639,10,0,1,2,True,False,True,5,1,0
2023-05-30,leg,15738,17639,10,0,1,2,True,False,True,6,1,0
2023-05-30,leg,15738,17639,10,0,1,2,True,False,True,7,1,0
2023-05-30,leg,15738,17639,10,0,1,2,True,False,True,8,1,0
2023-05-30,leg,15738,17639,10,0,1,2,True,False,True,9,1,0
2023-05-30,leg,15738,17639,10,0,1,2,True,False,True,10,1,0
2023-05-30,leg,293,396422,10,0,2,"1,2",True,False,True,1,2,0
2023-05-30,leg,293,396422,10,0,2,"1,2",True,False,True,2,2,0
2023-05-30,leg,293,396422,10,0,2,"1,2",True,False,True,3,2,0
2023-05-30,leg,293,396422,10,0,2,"1,2",True,False,True,4,2,0
2023-05-30,leg,293,396422,10,0,2,"1,2",True,False,True,5,2,0
2023-05-30,leg,293,396422,10,0,2,"1,2",True,False,True,6,2,0
2023-05-30,leg,293,396422,10,0,2,"1,2",True,False,True,7,2,0
2023-05-30,leg,293,396422,10,0,2,"1,2",True,False,True,8,2,0
2023-05-30,leg,293,396422,10,0,2,"1,2",True,False,True,9,2,0
2023-05-30,leg,293,396422,10,0,2,"1,2",True,False,True,10,2,0
2023-05-30,leg,17639,199275,10,0,1,1,True,False,True,1,1,0
2023-05-30,leg,17639,199275,10,0,1,1,True,False,True,2,1,0
2023-05-30,leg,17639,199275,10,0,1,1,True,False,True,3,1,0
2023-05-30,leg,17639,199275,10,0,1,1,True,False,True,4,1,0
2023-05-30,leg,17639,199275,10,0,1,1,True,False,True,5,1,0
2023-05-30,leg,17639,199275,10,0,1,1,True,False,True,6,1,0
2023-05-30,leg,17639,199275,10,0,1,1,True,False,True,7,1,0
2023-05-30,leg,17639,199275,10,0,1,1,True,False,True,8,1,0
2023-05-30,leg,17639,199275,10,0,1,1,True,False,True,9,1,0
2023-05-30,leg,17639,199275,10,0,1,1,True,False,True,10,1,0
2023-05-30,leg,206446,267613,10,0,1,1,True,False,True,1,1,0
2023-05-30,leg,206446,267613,10,0,1,1,True,False,True,2,1,0
2023-05-30,leg,206446,267613,10,0,1,1,True,False,True,3,1,0
2023-05-30,leg,206446,267613,10,0,1,1,True,False,True,4,1,0
2023-05-30,leg,206446,267613,10,0,1,1,True,False,True,5,1,0
2023-05-30,leg,206446,267613,10,0,1,1,True,False,True,6,1,0
2023-05-30,leg,206446,267613,10,0,1,1,True,False,True,7,1,0
2023-05-30,leg,206446,267613,10,0,1,1,True,False,True,8,1,0
2023-05-30,leg,206446,267613,10,0,1,1,True,False,True,9,1,0
2023-05-30,leg,206446,267613,10,0,1,1,True,False,True,10,1,0
2023-05-30,leg,52320,269568,10,0,3,3,True,False,False,1,3,0
2023-05-30,leg,52320,269568,10,0,3,3,True,False,False,2,3,0
2023-05-30,leg,52320,269568,10,0,3,3,True,False,False,3,3,0
2023-05-30,leg,52320,269568,10,0,3,3,True,False,False,4,3,0
2023-05-30,leg,52320,269568,10,0,3,3,True,False,False,5,3,0
2023-05-30,leg,52320,269568,10,0,3,3,True,False,False,6,3,0
2023-05-30,leg,52320,269568,10,0,3,3,True,False,False,7,3,0
2023-05-30,leg,52320,269568,10,0,3,3,True,False,False,8,3,0
2023-05-30,leg,52320,269568,10,0,3,3,True,False,False,9,3,0
2023-05-30,leg,52320,269568,10,0,3,3,True,False,False,10,3,0
2023-05-30,leg,13303,17639,10,0,1,1,True,False,True,1,1,0
2023-05-30,leg,13303,17639,10,0,1,1,True,False,True,2,1,0
2023-05-30,leg,13303,17639,10,0,1,1,True,False,True,3,1,0
2023-05-30,leg,13303,17639,10,0,1,1,True,False,True,4,1,0
2023-05-30,leg,13303,17639,10,0,1,1,True,False,True,5,1,0
2023-05-30,leg,13303,17639,10,0,1,1,True,False,True,6,1,0
2023-05-30,leg,13303,17639,10,0,1,1,True,False,True,7,1,0
2023-05-30,leg,13303,17639,10,0,1,1,True,False,True,8,1,0
2023-05-30,leg,13303,17639,10,0,1,1,True,False,True,9,1,0
2023-05-30,leg,13303,17639,10,0,1,1,True,False,True,10,1,0
2023-05-30,leg,17639,57495,10,0,1,1,True,False,True,1,1,0
2023-05-30,leg,17639,57495,10,0,1,1,True,False,True,2,1,0
2023-05-30,leg,17639,57495,10,0,1,1,True,False,True,3,1,0
2023-05-30,leg,17639,57495,10,0,1,1,True,False,True,4,1,0
2023-05-30,leg,17639,57495,10,0,1,1,True,False,True,5,1,0
2023-05-30,leg,17639,57495,10,0,1,1,True,False,True,6,1,0
2023-05-30,leg,17639,57495,10,0,1,1,True,False,True,7,1,0
2023-05-30,leg,17639,57495,10,0,1,1,True,False,True,8,1,0
2023-05-30,leg,17639,57495,10,0,1,1,True,False,True,9,1,0
2023-05-30,leg,17639,57495,10,0,1,1,True,False,True,10,1,0
2023-05-30,leg,17639,39330,10,0,1,1,True,False,True,1,1,0
2023-05-30,leg,17639,39330,10,0,1,1,True,False,True,2,1,0
2023-05-30,leg,17639,39330,10,0,1,1,True,False,True,3,1,0
2023-05-30,leg,17639,39330,10,0,1,1,True,False,True,4,1,0
2023-05-30,leg,17639,39330,10,0,1,1,True,False,True,5,1,0
2023-05-30,leg,17639,39330,10,0,1,1,True,False,True,6,1,0
2023-05-30,leg,17639,39330,10,0,1,1,True,False,True,7,1,0
2023-05-30,leg,17639,39330,10,0,1,1,True,False,True,8,1,0
2023-05-30,leg,17639,39330,10,0,1,1,True,False,True,9,1,0
2023-05-30,leg,17639,39330,10,0,1,1,True,False,True,10,1,0
2023-05-30,leg,9198,13004,10,0,14,"1,2,3",True,False,True,1,13,1
2023-05-30,leg,9198,13004,10,0,14,"1,2,3",True,False,True,2,14,0
2023-05-30,leg,9198,13004,10,0,14,"1,2,3",True,False,True,3,14,0
2023-05-30,leg,9198,13004,10,0,14,"1,2,3",True,False,True,4,14,0
2023-05-30,leg,9198,13004,10,0,14,"1,2,3",True,False,True,5,14,0
2023-05-30,leg,9198,13004,10,0,14,"1,2,3",True,False,True,6,14,0
2023-05-30,leg,9198,13004,10,0,14,"1,2,3",True,False,True,7,14,0
2023-05-30,leg,9198,13004,10,0,14,"1,2,3",True,False,True,8,14,0
2023-05-30,leg,9198,13004,10,0,14,"1,2,3",True,False,True,9,14,0
2023-05-30,leg,9198,13004,10,0,14,"1,2,3",True,False,True,10,14,0
2023-05-30,leg,28598,269104,10,0,675,"1,2",True,False,False,1,674,1
2023-05-30,leg,28598,269104,10,0,675,"1,2",True,False,False,2,675,0
2023-05-30,leg,28598,269104,10,0,675,"1,2",True,False,False,3,675,0
2023-05-30,leg,28598,269104,10,0,675,"1,2",True,False,False,4,675,0
2023-05-30,leg,28598,269104,10,0,675,"1,2",True,False,False,5,675,0
2023-05-30,leg,28598,269104,10,0,675,"1,2",True,False,False,6,675,0
2023-05-30,leg,28598,269104,10,0,675,"1,2",True,False,False,7,675,0
2023-05-30,leg,28598,269104,10,0,675,"1,2",True,False,False,8,675,0
2023-05-30,leg,28598,269104,10,0,675,"1,2",True,False,False,9,675,0
2023-05-30,leg,28598,269104,10,0,675,"1,2",True,False,False,10,675,0
2023-05-30,leg,17639,51380,10,0,1,1,True,False,True,1,1,0
2023-05-30,leg,17639,51380,10,0,1,1,True,False,True,2,1,0
2023-05-30,leg,17639,51380,10,0,1,1,True,False,True,3,1,0
2023-05-30,leg,17639,51380,10,0,1,1,True,False,True,4,1,0
2023-05-30,leg,17639,51380,10,0,1,1,True,False,True,5,1,0
2023-05-30,leg,17639,51380,10,0,1,1,True,False,True,6,1,0
2023-05-30,leg,17639,51380,10,0,1,1,True,False,True,7,1,0
2023-05-30,leg,17639,51380,10,0,1,1,True,False,True,8,1,0
2023-05-30,leg,17639,51380,10,0,1,1,True,False,True,9,1,0
2023-05-30,leg,17639,51380,10,0,1,1,True,False,True,10,1,0
2023-05-30,leg,17639,270816,10,0,1,1,True,False,True,1,1,0
2023-05-30,leg,17639,270816,10,0,1,1,True,False,True,2,1,0
2023-05-30,leg,17639,270816,10,0,1,1,True,False,True,3,1,0
2023-05-30,leg,17639,270816,10,0,1,1,True,False,True,4,1,0
2023-05-30,leg,17639,270816,10,0,1,1,True,False,True,5,1,0
2023-05-30,leg,17639,270816,10,0,1,1,True,False,True,6,1,0
2023-05-30,leg,17639,270816,10,0,1,1,True,False,True,7,1,0
2023-05-30,leg,17639,270816,10,0,1,1,True,False,True,8,1,0
2023-05-30,leg,17639,270816,10,0,1,1,True,False,True,9,1,0
2023-05-30,leg,17639,270816,10,0,1,1,True,False,True,10,1,0
2023-05-30,leg,1239,45499,10,0,1,1,True,False,False,1,1,0
2023-05-30,leg,1239,45499,10,0,1,1,True,False,False,2,1,0
2023-05-30,leg,1239,45499,10,0,1,1,True,False,False,3,1,0
2023-05-30,leg,1239,45499,10,0,1,1,True,False,False,4,1,0
2023-05-30,leg,1239,45499,10,0,1,1,True,False,False,5,1,0
2023-05-30,leg,1239,45499,10,0,1,1,True,False,False,6,1,0
2023-05-30,leg,1239,45499,10,0,1,1,True,False,False,7,1,0
2023-05-30,leg,1239,45499,10,0,1,1,True,False,False,8,1,0
2023-05-30,leg,1239,45499,10,0,1,1,True,False,False,9,1,0
2023-05-30,leg,1239,45499,10,0,1,1,True,False,False,10,1,0
2023-05-30,leg,17639,51874,10,0,1,1,True,False,True,1,1,0
2023-05-30,leg,17639,51874,10,0,1,1,True,False,True,2,1,0
2023-05-30,leg,17639,51874,10,0,1,1,True,False,True,3,1,0
2023-05-30,leg,17639,51874,10,0,1,1,True,False,True,4,1,0
2023-05-30,leg,17639,51874,10,0,1,1,True,False,True,5,1,0
2023-05-30,leg,17639,51874,10,0,1,1,True,False,True,6,1,0
2023-05-30,leg,17639,51874,10,0,1,1,True,False,True,7,1,0
2023-05-30,leg,17639,51874,10,0,1,1,True,False,True,8,1,0
2023-05-30,leg,17639,51874,10,0,1,1,True,False,True,9,1,0
2023-05-30,leg,17639,51874,10,0,1,1,True,False,True,10,1,0
2023-05-30,leg,17639,50333,10,0,1,1,True,False,True,1,1,0
2023-05-30,leg,17639,50333,10,0,1,1,True,False,True,2,1,0
2023-05-30,leg,17639,50333,10,0,1,1,True,False,True,3,1,0
2023-05-30,leg,17639,50333,10,0,1,1,True,False,True,4,1,0
2023-05-30,leg,17639,50333,10,0,1,1,True,False,True,5,1,0
2023-05-30,leg,17639,50333,10,0,1,1,True,False,True,6,1,0
2023-05-30,leg,17639,50333,10,0,1,1,True,False,True,7,1,0
2023-05-30,leg,17639,50333,10,0,1,1,True,False,True,8,1,0
2023-05-30,leg,17639,50333,10,0,1,1,True,False,True,9,1,0
2023-05-30,leg,17639,50333,10,0,1,1,True,False,True,10,1,0
2023-05-30,leg,7049,266769,10,0,379,1,True,False,False,1,370,9
2023-05-30,leg,7049,266769,10,0,379,1,True,False,False,2,379,0
2023-05-30,leg,7049,266769,10,0,379,1,True,False,False,3,379,0
2023-05-30,leg,7049,266769,10,0,379,1,True,False,False,4,379,0
2023-05-30,leg,7049,266769,10,0,379,1,True,False,False,5,379,0
2023-05-30,leg,7049,266769,10,0,379,1,True,False,False,6,379,0
2023-05-30,leg,7049,266769,10,0,379,1,True,False,False,7,379,0
2023-05-30,leg,7049,266769,10,0,379,1,True,False,False,8,379,0
2023-05-30,leg,7049,266769,10,0,379,1,True,False,False,9,379,0
2023-05-30,leg,7049,266769,10,0,379,1,True,False,False,10,379,0
2023-05-30,leg,17639,34612,10,0,1,1,True,False,True,1,1,0
2023-05-30,leg,17639,34612,10,0,1,1,True,False,True,2,1,0
2023-05-30,leg,17639,34612,10,0,1,1,True,False,True,3,1,0
2023-05-30,leg,17639,34612,10,0,1,1,True,False,True,4,1,0
2023-05-30,leg,17639,34612,10,0,1,1,True,False,True,5,1,0
2023-05-30,leg,17639,34612,10,0,1,1,True,False,True,6,1,0
2023-05-30,leg,17639,34612,10,0,1,1,True,False,True,7,1,0
2023-05-30,leg,17639,34612,10,0,1,1,True,False,True,8,1,0
2023-05-30,leg,17639,34612,10,0,1,1,True,False,True,9,1,0
2023-05-30,leg,17639,34612,10,0,1,1,True,False,True,10,1,0
2023-05-30,leg,17639,41931,10,0,1,1,True,False,True,1,1,0
2023-05-30,leg,17639,41931,10,0,1,1,True,False,True,2,1,0
2023-05-30,leg,17639,41931,10,0,1,1,True,False,True,3,1,0
2023-05-30,leg,17639,41931,10,0,1,1,True,False,True,4,1,0
2023-05-30,leg,17639,41931,10,0,1,1,True,False,True,5,1,0
2023-05-30,leg,17639,41931,10,0,1,1,True,False,True,6,1,0
2023-05-30,leg,17639,41931,10,0,1,1,True,False,True,7,1,0
2023-05-30,leg,17639,41931,10,0,1,1,True,False,True,8,1,0
2023-05-30,leg,17639,41931,10,0,1,1,True,False,True,9,1,0
2023-05-30,leg,17639,41931,10,0,1,1,True,False,True,10,1,0
2023-05-30,leg,293,64050,10,0,4,"1,2,3",True,False,True,1,4,0
2023-05-30,leg,293,64050,10,0,4,"1,2,3",True,False,True,2,4,0
2023-05-30,leg,293,64050,10,0,4,"1,2,3",True,False,True,3,4,0
2023-05-30,leg,293,64050,10,0,4,"1,2,3",True,False,True,4,4,0
2023-05-30,leg,293,64050,10,0,4,"1,2,3",True,False,True,5,4,0
2023-05-30,leg,293,64050,10,0,4,"1,2,3",True,False,True,6,4,0
2023-05-30,leg,293,64050,10,0,4,"1,2,3",True,False,True,7,4,0
2023-05-30,leg,293,64050,10,0,4,"1,2,3",True,False,True,8,4,0
2023-05-30,leg,293,64050,10,0,4,"1,2,3",True,False,True,9,4,0
2023-05-30,leg,293,64050,10,0,4,"1,2,3",True,False,True,10,4,0
2023-05-30,leg,6057,209768,10,0,1,1,True,False,True,1,1,0
2023-05-30,leg,6057,209768,10,0,1,1,True,False,True,2,1,0
2023-05-30,leg,6057,209768,10,0,1,1,True,False,True,3,1,0
2023-05-30,leg,6057,209768,10,0,1,1,True,False,True,4,1,0
2023-05-30,leg,6057,209768,10,0,1,1,True,False,True,5,1,0
2023-05-30,leg,6057,209768,10,0,1,1,True,False,True,6,1,0
2023-05-30,leg,6057,209768,10,0,1,1,True,False,True,7,1,0
2023-05-30,leg,6057,209768,10,0,1,1,True,False,True,8,1,0
2023-05-30,leg,6057,209768,10,0,1,1,True,False,True,9,1,0
2023-05-30,leg,6057,209768,10,0,1,1,True,False,True,10,1,0
2023-05-30,leg,50300,206446,10,0,1,1,True,False,True,1,1,0
2023-05-30,leg,50300,206446,10,0,1,1,True,False,True,2,1,0
2023-05-30,leg,50300,206446,10,0,1,1,True,False,True,3,1,0
2023-05-30,leg,50300,206446,10,0,1,1,True,False,True,4,1,0
2023-05-30,leg,50300,206446,10,0,1,1,True,False,True,5,1,0
2023-05-30,leg,50300,206446,10,0,1,1,True,False,True,6,1,0
2023-05-30,leg,50300,206446,10,0,1,1,True,False,True,7,1,0
2023-05-30,leg,50300,206446,10,0,1,1,True,False,True,8,1,0
2023-05-30,leg,50300,206446,10,0,1,1,True,False,True,9,1,0
2023-05-30,leg,50300,206446,10,0,1,1,True,False,True,10,1,0
2023-05-30,leg,17639,20504,10,0,1,1,True,False,True,1,1,0
2023-05-30,leg,17639,20504,10,0,1,1,True,False,True,2,1,0
2023-05-30,leg,17639,20504,10,0,1,1,True,False,True,3,1,0
2023-05-30,leg,17639,20504,10,0,1,1,True,False,True,4,1,0
2023-05-30,leg,17639,20504,10,0,1,1,True,False,True,5,1,0
2023-05-30,leg,17639,20504,10,0,1,1,True,False,True,6,1,0
2023-05-30,leg,17639,20504,10,0,1,1,True,False,True,7,1,0
2023-05-30,leg,17639,20504,10,0,1,1,True,False,True,8,1,0
2023-05-30,leg,17639,20504,10,0,1,1,True,False,True,9,1,0
2023-05-30,leg,17639,20504,10,0,1,1,True,False,True,10,1,0
2023-05-30,leg,17639,43364,10,0,1,1,True,False,True,1,1,0
2023-05-30,leg,17639,43364,10,0,1,1,True,False,True,2,1,0
2023-05-30,leg,17639,43364,10,0,1,1,True,False,True,3,1,0
2023-05-30,leg,17639,43364,10,0,1,1,True,False,True,4,1,0
2023-05-30,leg,17639,43364,10,0,1,1,True,False,True,5,1,0
2023-05-30,leg,17639,43364,10,0,1,1,True,False,True,6,1,0
2023-05-30,leg,17639,43364,10,0,1,1,True,False,True,7,1,0
2023-05-30,leg,17639,43364,10,0,1,1,True,False,True,8,1,0
2023-05-30,leg,17639,43364,10,0,1,1,True,False,True,9,1,0
2023-05-30,leg,17639,43364,10,0,1,1,True,False,True,10,1,0
2023-05-30,leg,17639,202936,10,0,1,1,True,False,True,1,1,0
2023-05-30,leg,17639,202936,10,0,1,1,True,False,True,2,1,0
2023-05-30,leg,17639,202936,10,0,1,1,True,False,True,3,1,0
2023-05-30,leg,17639,202936,10,0,1,1,True,False,True,4,1,0
2023-05-30,leg,17639,202936,10,0,1,1,True,False,True,5,1,0
2023-05-30,leg,17639,202936,10,0,1,1,True,False,True,6,1,0
2023-05-30,leg,17639,202936,10,0,1,1,True,False,True,7,1,0
2023-05-30,leg,17639,202936,10,0,1,1,True,False,True,8,1,0
2023-05-30,leg,17639,202936,10,0,1,1,True,False,True,9,1,0
2023-05-30,leg,17639,202936,10,0,1,1,True,False,True,10,1,0
2023-05-30,leg,17639,39199,10,0,1,1,True,False,True,1,1,0
2023-05-30,leg,17639,39199,10,0,1,1,True,False,True,2,1,0
2023-05-30,leg,17639,39199,10,0,1,1,True,False,True,3,1,0
2023-05-30,leg,17639,39199,10,0,1,1,True,False,True,4,1,0
2023-05-30,leg,17639,39199,10,0,1,1,True,False,True,5,1,0
2023-05-30,leg,17639,39199,10,0,1,1,True,False,True,6,1,0
2023-05-30,leg,17639,39199,10,0,1,1,True,False,True,7,1,0
2023-05-30,leg,17639,39199,10,0,1,1,True,False,True,8,1,0
2023-05-30,leg,17639,39199,10,0,1,1,True,False,True,9,1,0
2023-05-30,leg,17639,39199,10,0,1,1,True,False,True,10,1,0
2023-05-30,leg,17639,210111,10,0,1,1,True,False,True,1,1,0
2023-05-30,leg,17639,210111,10,0,1,1,True,False,True,2,1,0
2023-05-30,leg,17639,210111,10,0,1,1,True,False,True,3,1,0
2023-05-30,leg,17639,210111,10,0,1,1,True,False,True,4,1,0
2023-05-30,leg,17639,210111,10,0,1,1,True,False,True,5,1,0
2023-05-30,leg,17639,210111,10,0,1,1,True,False,True,6,1,0
2023-05-30,leg,17639,210111,10,0,1,1,True,False,True,7,1,0
2023-05-30,leg,17639,210111,10,0,1,1,True,False,True,8,1,0
2023-05-30,leg,17639,210111,10,0,1,1,True,False,True,9,1,0
2023-05-30,leg,17639,210111,10,0,1,1,True,False,True,10,1,0
2023-05-30,leg,45727,139972,10,0,3,1,True,False,False,1,3,0
2023-05-30,leg,45727,139972,10,0,3,1,True,False,False,2,3,0
2023-05-30,leg,45727,139972,10,0,3,1,True,False,False,3,3,0
2023-05-30,leg,45727,139972,10,0,3,1,True,False,False,4,3,0
2023-05-30,leg,45727,139972,10,0,3,1,True,False,False,5,3,0
2023-05-30,leg,45727,139972,10,0,3,1,True,False,False,6,3,0
2023-05-30,leg,45727,139972,10,0,3,1,True,False,False,7,3,0
2023-05-30,leg,45727,139972,10,0,3,1,True,False,False,8,3,0
2023-05-30,leg,45727,139972,10,0,3,1,True,False,False,9,3,0
2023-05-30,leg,45727,139972,10,0,3,1,True,False,False,10,3,0
2023-05-30,leg,17639,199265,10,0,1,1,True,False,True,1,1,0
2023-05-30,leg,17639,199265,10,0,1,1,True,False,True,2,1,0
2023-05-30,leg,17639,199265,10,0,1,1,True,False,True,3,1,0
2023-05-30,leg,17639,199265,10,0,1,1,True,False,True,4,1,0
2023-05-30,leg,17639,199265,10,0,1,1,True,False,True,5,1,0
2023-05-30,leg,17639,199265,10,0,1,1,True,False,True,6,1,0
2023-05-30,leg,17639,199265,10,0,1,1,True,False,True,7,1,0
2023-05-30,leg,17639,199265,10,0,1,1,True,False,True,8,1,0
2023-05-30,leg,17639,199265,10,0,1,1,True,False,True,9,1,0
2023-05-30,leg,17639,199265,10,0,1,1,True,False,True,10,1,0
2023-05-30,leg,17639,28173,10,0,1,2,True,False,True,1,1,0
2023-05-30,leg,17639,28173,10,0,1,2,True,False,True,2,1,0
2023-05-30,leg,17639,28173,10,0,1,2,True,False,True,3,1,0
2023-05-30,leg,17639,28173,10,0,1,2,True,False,True,4,1,0
2023-05-30,leg,17639,28173,10,0,1,2,True,False,True,5,1,0
2023-05-30,leg,17639,28173,10,0,1,2,True,False,True,6,1,0
2023-05-30,leg,17639,28173,10,0,1,2,True,False,True,7,1,0
2023-05-30,leg,17639,28173,10,0,1,2,True,False,True,8,1,0
2023-05-30,leg,17639,28173,10,0,1,2,True,False,True,9,1,0
2023-05-30,leg,17639,28173,10,0,1,2,True,False,True,10,1,0
2023-05-30,leg,17639,39464,10,0,2,"1,2",True,False,True,1,2,0
2023-05-30,leg,17639,39464,10,0,2,"1,2",True,False,True,2,2,0
2023-05-30,leg,17639,39464,10,0,2,"1,2",True,False,True,3,2,0
2023-05-30,leg,17639,39464,10,0,2,"1,2",True,False,True,4,2,0
2023-05-30,leg,17639,39464,10,0,2,"1,2",True,False,True,5,2,0
2023-05-30,leg,17639,39464,10,0,2,"1,2",True,False,True,6,2,0
2023-05-30,leg,17639,39464,10,0,2,"1,2",True,False,True,7,2,0
2023-05-30,leg,17639,39464,10,0,2,"1,2",True,False,True,8,2,0
2023-05-30,leg,17639,39464,10,0,2,"1,2",True,False,True,9,2,0
2023-05-30,leg,17639,39464,10,0,2,"1,2",True,False,True,10,2,0
2023-05-30,leg,14840,268445,10,0,48,1,True,False,False,1,47,1
2023-05-30,leg,14840,268445,10,0,48,1,True,False,False,2,47,1
2023-05-30,leg,14840,268445,10,0,48,1,True,False,False,3,47,1
2023-05-30,leg,14840,268445,10,0,48,1,True,False,False,4,47,1
2023-05-30,leg,14840,268445,10,0,48,1,True,False,False,5,47,1
2023-05-30,leg,14840,268445,10,0,48,1,True,False,False,6,47,1
2023-05-30,leg,14840,268445,10,0,48,1,True,False,False,7,47,1
2023-05-30,leg,14840,268445,10,0,48,1,True,False,False,8,47,1
2023-05-30,leg,14840,268445,10,0,48,1,True,False,False,9,47,1
2023-05-30,leg,14840,268445,10,0,48,1,True,False,False,10,47,1
2023-05-30,leg,17639,33951,10,0,3,"1,2,3",True,False,True,1,3,0
2023-05-30,leg,17639,33951,10,0,3,"1,2,3",True,False,True,2,3,0
2023-05-30,leg,17639,33951,10,0,3,"1,2,3",True,False,True,3,3,0
2023-05-30,leg,17639,33951,10,0,3,"1,2,3",True,False,True,4,3,0
2023-05-30,leg,17639,33951,10,0,3,"1,2,3",True,False,True,5,3,0
2023-05-30,leg,17639,33951,10,0,3,"1,2,3",True,False,True,6,3,0
2023-05-30,leg,17639,33951,10,0,3,"1,2,3",True,False,True,7,3,0
2023-05-30,leg,17639,33951,10,0,3,"1,2,3",True,False,True,8,3,0
2023-05-30,leg,17639,33951,10,0,3,"1,2,3",True,False,True,9,3,0
2023-05-30,leg,17639,33951,10,0,3,"1,2,3",True,False,True,10,3,0
2023-05-30,leg,1764,206446,10,0,1,1,True,False,False,1,1,0
2023-05-30,leg,1764,206446,10,0,1,1,True,False,False,2,1,0
2023-05-30,leg,1764,206446,10,0,1,1,True,False,False,3,1,0
2023-05-30,leg,1764,206446,10,0,1,1,True,False,False,4,1,0
2023-05-30,leg,1764,206446,10,0,1,1,True,False,False,5,1,0
2023-05-30,leg,1764,206446,10,0,1,1,True,False,False,6,1,0
2023-05-30,leg,1764,206446,10,0,1,1,True,False,False,7,1,0
2023-05-30,leg,1764,206446,10,0,1,1,True,False,False,8,1,0
2023-05-30,leg,1764,206446,10,0,1,1,True,False,False,9,1,0
2023-05-30,leg,1764,206446,10,0,1,1,True,False,False,10,1,0
2023-05-30,leg,328512,328723,10,0,1,1,True,False,True,1,1,0
2023-05-30,leg,328512,328723,10,0,1,1,True,False,True,2,1,0
2023-05-30,leg,328512,328723,10,0,1,1,True,False,True,3,1,0
2023-05-30,leg,328512,328723,10,0,1,1,True,False,True,4,1,0
2023-05-30,leg,328512,328723,10,0,1,1,True,False,True,5,1,0
2023-05-30,leg,328512,328723,10,0,1,1,True,False,True,6,1,0
2023-05-30,leg,328512,328723,10,0,1,1,True,False,True,7,1,0
2023-05-30,leg,328512,328723,10,0,1,1,True,False,True,8,1,0
2023-05-30,leg,328512,328723,10,0,1,1,True,False,True,9,1,0
2023-05-30,leg,328512,328723,10,0,1,1,True,False,True,10,1,0
2023-05-30,leg,17639,205308,10,0,1,1,True,False,True,1,1,0
2023-05-30,leg,17639,205308,10,0,1,1,True,False,True,2,1,0
2023-05-30,leg,17639,205308,10,0,1,1,True,False,True,3,1,0
2023-05-30,leg,17639,205308,10,0,1,1,True,False,True,4,1,0
2023-05-30,leg,17639,205308,10,0,1,1,True,False,True,5,1,0
2023-05-30,leg,17639,205308,10,0,1,1,True,False,True,6,1,0
2023-05-30,leg,17639,205308,10,0,1,1,True,False,True,7,1,0
2023-05-30,leg,17639,205308,10,0,1,1,True,False,True,8,1,0
2023-05-30,leg,17639,205308,10,0,1,1,True,False,True,9,1,0
2023-05-30,leg,17639,205308,10,0,1,1,True,False,True,10,1,0
2023-05-30,leg,17639,206476,10,0,1,1,True,False,True,1,1,0
2023-05-30,leg,17639,206476,10,0,1,1,True,False,True,2,1,0
2023-05-30,leg,17639,206476,10,0,1,1,True,False,True,3,1,0
2023-05-30,leg,17639,206476,10,0,1,1,True,False,True,4,1,0
2023-05-30,leg,17639,206476,10,0,1,1,True,False,True,5,1,0
2023-05-30,leg,17639,206476,10,0,1,1,True,False,True,6,1,0
2023-05-30,leg,17639,206476,10,0,1,1,True,False,True,7,1,0
2023-05-30,leg,17639,206476,10,0,1,1,True,False,True,8,1,0
2023-05-30,leg,17639,206476,10,0,1,1,True,False,True,9,1,0
2023-05-30,leg,17639,206476,10,0,1,1,True,False,True,10,1,0
2023-05-30,leg,17639,196762,10,0,1,1,True,False,True,1,1,0
2023-05-30,leg,17639,196762,10,0,1,1,True,False,True,2,1,0
2023-05-30,leg,17639,196762,10,0,1,1,True,False,True,3,1,0
2023-05-30,leg,17639,196762,10,0,1,1,True,False,True,4,1,0
2023-05-30,leg,17639,196762,10,0,1,1,True,False,True,5,1,0
2023-05-30,leg,17639,196762,10,0,1,1,True,False,True,6,1,0
2023-05-30,leg,17639,196762,10,0,1,1,True,False,True,7,1,0
2023-05-30,leg,17639,196762,10,0,1,1,True,False,True,8,1,0
2023-05-30,leg,17639,196762,10,0,1,1,True,False,True,9,1,0
2023-05-30,leg,17639,196762,10,0,1,1,True,False,True,10,1,0
2023-05-30,leg,17639,34337,10,0,1,1,True,False,True,1,1,0
2023-05-30,leg,17639,34337,10,0,1,1,True,False,True,2,1,0
2023-05-30,leg,17639,34337,10,0,1,1,True,False,True,3,1,0
2023-05-30,leg,17639,34337,10,0,1,1,True,False,True,4,1,0
2023-05-30,leg,17639,34337,10,0,1,1,True,False,True,5,1,0
2023-05-30,leg,17639,34337,10,0,1,1,True,False,True,6,1,0
2023-05-30,leg,17639,34337,10,0,1,1,True,False,True,7,1,0
2023-05-30,leg,17639,34337,10,0,1,1,True,False,True,8,1,0
2023-05-30,leg,17639,34337,10,0,1,1,True,False,True,9,1,0
2023-05-30,leg,17639,34337,10,0,1,1,True,False,True,10,1,0
2023-05-30,leg,134555,149018,10,0,138,1,True,False,False,1,138,0
2023-05-30,leg,134555,149018,10,0,138,1,True,False,False,2,138,0
2023-05-30,leg,134555,149018,10,0,138,1,True,False,False,3,138,0
2023-05-30,leg,134555,149018,10,0,138,1,True,False,False,4,138,0
2023-05-30,leg,134555,149018,10,0,138,1,True,False,False,5,138,0
2023-05-30,leg,134555,149018,10,0,138,1,True,False,False,6,138,0
2023-05-30,leg,134555,149018,10,0,138,1,True,False,False,7,138,0
2023-05-30,leg,134555,149018,10,0,138,1,True,False,False,8,138,0
2023-05-30,leg,134555,149018,10,0,138,1,True,False,False,9,138,0
2023-05-30,leg,134555,149018,10,0,138,1,True,False,False,10,138,0
2023-05-30,leg,138954,139009,10,0,118,1,True,False,False,1,118,0
2023-05-30,leg,138954,139009,10,0,118,1,True,False,False,2,118,0
2023-05-30,leg,138954,139009,10,0,118,1,True,False,False,3,118,0
2023-05-30,leg,138954,139009,10,0,118,1,True,False,False,4,118,0
2023-05-30,leg,138954,139009,10,0,118,1,True,False,False,5,118,0
2023-05-30,leg,138954,139009,10,0,118,1,True,False,False,6,118,0
2023-05-30,leg,138954,139009,10,0,118,1,True,False,False,7,118,0
2023-05-30,leg,138954,139009,10,0,118,1,True,False,False,8,118,0
2023-05-30,leg,138954,139009,10,0,118,1,True,False,False,9,118,0
2023-05-30,leg,138954,139009,10,0,118,1,True,False,False,10,118,0
2023-05-30,leg,17639,204346,10,0,1,1,True,False,True,1,1,0
2023-05-30,leg,17639,204346,10,0,1,1,True,False,True,2,1,0
2023-05-30,leg,17639,204346,10,0,1,1,True,False,True,3,1,0
2023-05-30,leg,17639,204346,10,0,1,1,True,False,True,4,1,0
2023-05-30,leg,17639,204346,10,0,1,1,True,False,True,5,1,0
2023-05-30,leg,17639,204346,10,0,1,1,True,False,True,6,1,0
2023-05-30,leg,17639,204346,10,0,1,1,True,False,True,7,1,0
2023-05-30,leg,17639,204346,10,0,1,1,True,False,True,8,1,0
2023-05-30,leg,17639,204346,10,0,1,1,True,False,True,9,1,0
2023-05-30,leg,17639,204346,10,0,1,1,True,False,True,10,1,0
2023-05-30,leg,17639,41247,10,0,1,1,True,False,True,1,1,0
2023-05-30,leg,17639,41247,10,0,1,1,True,False,True,2,1,0
2023-05-30,leg,17639,41247,10,0,1,1,True,False,True,3,1,0
2023-05-30,leg,17639,41247,10,0,1,1,True,False,True,4,1,0
2023-05-30,leg,17639,41247,10,0,1,1,True,False,True,5,1,0
2023-05-30,leg,17639,41247,10,0,1,1,True,False,True,6,1,0
2023-05-30,leg,17639,41247,10,0,1,1,True,False,True,7,1,0
2023-05-30,leg,17639,41247,10,0,1,1,True,False,True,8,1,0
2023-05-30,leg,17639,41247,10,0,1,1,True,False,True,9,1,0
2023-05-30,leg,17639,41247,10,0,1,1,True,False,True,10,1,0
2023-05-30,leg,17639,35505,10,0,1,1,True,False,True,1,1,0
2023-05-30,leg,17639,35505,10,0,1,1,True,False,True,2,1,0
2023-05-30,leg,17639,35505,10,0,1,1,True,False,True,3,1,0
2023-05-30,leg,17639,35505,10,0,1,1,True,False,True,4,1,0
2023-05-30,leg,17639,35505,10,0,1,1,True,False,True,5,1,0
2023-05-30,leg,17639,35505,10,0,1,1,True,False,True,6,1,0
2023-05-30,leg,17639,35505,10,0,1,1,True,False,True,7,1,0
2023-05-30,leg,17639,35505,10,0,1,1,True,False,True,8,1,0
2023-05-30,leg,17639,35505,10,0,1,1,True,False,True,9,1,0
2023-05-30,leg,17639,35505,10,0,1,1,True,False,True,10,1,0
2023-05-30,leg,42798,44837,10,0,6,1,True,True,False,1,6,0
2023-05-30,leg,42798,44837,10,0,6,1,True,True,False,2,6,0
2023-05-30,leg,42798,44837,10,0,6,1,True,True,False,3,6,0
2023-05-30,leg,42798,44837,10,0,6,1,True,True,False,4,6,0
2023-05-30,leg,42798,44837,10,0,6,1,True,True,False,5,6,0
2023-05-30,leg,42798,44837,10,0,6,1,True,True,False,6,6,0
2023-05-30,leg,42798,44837,10,0,6,1,True,True,False,7,6,0
2023-05-30,leg,42798,44837,10,0,6,1,True,True,False,8,6,0
2023-05-30,leg,42798,44837,10,0,6,1,True,True,False,9,6,0
2023-05-30,leg,42798,44837,10,0,6,1,True,True,False,10,6,0
2023-05-30,leg,263400,264479,10,0,1,2,True,False,True,1,1,0
2023-05-30,leg,263400,264479,10,0,1,2,True,False,True,2,1,0
2023-05-30,leg,263400,264479,10,0,1,2,True,False,True,3,1,0
2023-05-30,leg,263400,264479,10,0,1,2,True,False,True,4,1,0
2023-05-30,leg,263400,264479,10,0,1,2,True,False,True,5,1,0
2023-05-30,leg,263400,264479,10,0,1,2,True,False,True,6,1,0
2023-05-30,leg,263400,264479,10,0,1,2,True,False,True,7,1,0
2023-05-30,leg,263400,264479,10,0,1,2,True,False,True,8,1,0
2023-05-30,leg,263400,264479,10,0,1,2,True,False,True,9,1,0
2023-05-30,leg,263400,264479,10,0,1,2,True,False,True,10,1,0
2023-05-30,leg,51088,198967,10,0,1,1,True,False,True,1,1,0
2023-05-30,leg,51088,198967,10,0,1,1,True,False,True,2,1,0
2023-05-30,leg,51088,198967,10,0,1,1,True,False,True,3,1,0
2023-05-30,leg,51088,198967,10,0,1,1,True,False,True,4,1,0
2023-05-30,leg,51088,198967,10,0,1,1,True,False,True,5,1,0
2023-05-30,leg,51088,198967,10,0,1,1,True,False,True,6,1,0
2023-05-30,leg,51088,198967,10,0,1,1,True,False,True,7,1,0
2023-05-30,leg,51088,198967,10,0,1,1,True,False,True,8,1,0
2023-05-30,leg,51088,198967,10,0,1,1,True,False,True,9,1,0
2023-05-30,leg,51088,198967,10,0,1,1,True,False,True,10,1,0
2023-05-30,leg,17639,52888,10,0,1,1,True,False,True,1,1,0
2023-05-30,leg,17639,52888,10,0,1,1,True,False,True,2,1,0
2023-05-30,leg,17639,52888,10,0,1,1,True,False,True,3,1,0
2023-05-30,leg,17639,52888,10,0,1,1,True,False,True,4,1,0
2023-05-30,leg,17639,52888,10,0,1,1,True,False,True,5,1,0
2023-05-30,leg,17639,52888,10,0,1,1,True,False,True,6,1,0
2023-05-30,leg,17639,52888,10,0,1,1,True,False,True,7,1,0
2023-05-30,leg,17639,52888,10,0,1,1,True,False,True,8,1,0
2023-05-30,leg,17639,52888,10,0,1,1,True,False,True,9,1,0
2023-05-30,leg,17639,52888,10,0,1,1,True,False,True,10,1,0
2023-05-30,leg,45117,149531,10,0,1097,1,False,False,False,1,1097,0
2023-05-30,leg,45117,149531,10,0,1097,1,False,False,False,2,1097,0
2023-05-30,leg,45117,149531,10,0,1097,1,False,False,False,3,1097,0
2023-05-30,leg,45117,149531,10,0,1097,1,False,False,False,4,1097,0
2023-05-30,leg,45117,149531,10,0,1097,1,False,False,False,5,1097,0
2023-05-30,leg,45117,149531,10,0,1097,1,False,False,False,6,1097,0
2023-05-30,leg,45117,149531,10,0,1097,1,False,False,False,7,1097,0
2023-05-30,leg,45117,149531,10,0,1097,1,False,False,False,8,1097,0
2023-05-30,leg,45117,149531,10,0,1097,1,False,False,False,9,1097,0
2023-05-30,leg,45117,149531,10,0,1097,1,False,False,False,10,1097,0
2023-05-30,leg,17639,34723,10,0,3,"1,2",True,False,True,1,3,0
2023-05-30,leg,17639,34723,10,0,3,"1,2",True,False,True,2,3,0
2023-05-30,leg,17639,34723,10,0,3,"1,2",True,False,True,3,3,0
2023-05-30,leg,17639,34723,10,0,3,"1,2",True,False,True,4,3,0
2023-05-30,leg,17639,34723,10,0,3,"1,2",True,False,True,5,3,0
2023-05-30,leg,17639,34723,10,0,3,"1,2",True,False,True,6,3,0
2023-05-30,leg,17639,34723,10,0,3,"1,2",True,False,True,7,3,0
2023-05-30,leg,17639,34723,10,0,3,"1,2",True,False,True,8,3,0
2023-05-30,leg,17639,34723,10,0,3,"1,2",True,False,True,9,3,0
2023-05-30,leg,17639,34723,10,0,3,"1,2",True,False,True,10,3,0
2023-05-30,leg,293,40627,10,0,1,1,True,False,True,1,1,0
2023-05-30,leg,293,40627,10,0,1,1,True,False,True,2,1,0
2023-05-30,leg,293,40627,10,0,1,1,True,False,True,3,1,0
2023-05-30,leg,293,40627,10,0,1,1,True,False,True,4,1,0
2023-05-30,leg,293,40627,10,0,1,1,True,False,True,5,1,0
2023-05-30,leg,293,40627,10,0,1,1,True,False,True,6,1,0
2023-05-30,leg,293,40627,10,0,1,1,True,False,True,7,1,0
2023-05-30,leg,293,40627,10,0,1,1,True,False,True,8,1,0
2023-05-30,leg,293,40627,10,0,1,1,True,False,True,9,1,0
2023-05-30,leg,293,40627,10,0,1,1,True,False,True,10,1,0
2023-05-30,leg,17639,199399,10,0,1,1,True,False,True,1,1,0
2023-05-30,leg,17639,199399,10,0,1,1,True,False,True,2,1,0
2023-05-30,leg,17639,199399,10,0,1,1,True,False,True,3,1,0
2023-05-30,leg,17639,199399,10,0,1,1,True,False,True,4,1,0
2023-05-30,leg,17639,199399,10,0,1,1,True,False,True,5,1,0
2023-05-30,leg,17639,199399,10,0,1,1,True,False,True,6,1,0
2023-05-30,leg,17639,199399,10,0,1,1,True,False,True,7,1,0
2023-05-30,leg,17639,199399,10,0,1,1,True,False,True,8,1,0
2023-05-30,leg,17639,199399,10,0,1,1,True,False,True,9,1,0
2023-05-30,leg,17639,199399,10,0,1,1,True,False,True,10,1,0
2023-05-30,leg,17639,56945,10,0,1,1,True,False,True,1,1,0
2023-05-30,leg,17639,56945,10,0,1,1,True,False,True,2,1,0
2023-05-30,leg,17639,56945,10,0,1,1,True,False,True,3,1,0
2023-05-30,leg,17639,56945,10,0,1,1,True,False,True,4,1,0
2023-05-30,leg,17639,56945,10,0,1,1,True,False,True,5,1,0
2023-05-30,leg,17639,56945,10,0,1,1,True,False,True,6,1,0
2023-05-30,leg,17639,56945,10,0,1,1,True,False,True,7,1,0
2023-05-30,leg,17639,56945,10,0,1,1,True,False,True,8,1,0
2023-05-30,leg,17639,56945,10,0,1,1,True,False,True,9,1,0
2023-05-30,leg,17639,56945,10,0,1,1,True,False,True,10,1,0
2023-05-30,leg,138574,149876,10,0,541,1,True,False,False,1,541,0
2023-05-30,leg,138574,149876,10,0,541,1,True,False,False,2,541,0
2023-05-30,leg,138574,149876,10,0,541,1,True,False,False,3,541,0
2023-05-30,leg,138574,149876,10,0,541,1,True,False,False,4,541,0
2023-05-30,leg,138574,149876,10,0,541,1,True,False,False,5,541,0
2023-05-30,leg,138574,149876,10,0,541,1,True,False,False,6,541,0
2023-05-30,leg,138574,149876,10,0,541,1,True,False,False,7,541,0
2023-05-30,leg,138574,149876,10,0,541,1,True,False,False,8,541,0
2023-05-30,leg,138574,149876,10,0,541,1,True,False,False,9,541,0
2023-05-30,leg,138574,149876,10,0,541,1,True,False,False,10,541,0
2023-05-30,leg,17639,34170,10,0,1,2,True,False,True,1,1,0
2023-05-30,leg,17639,34170,10,0,1,2,True,False,True,2,1,0
2023-05-30,leg,17639,34170,10,0,1,2,True,False,True,3,1,0
2023-05-30,leg,17639,34170,10,0,1,2,True,False,True,4,1,0
2023-05-30,leg,17639,34170,10,0,1,2,True,False,True,5,1,0
2023-05-30,leg,17639,34170,10,0,1,2,True,False,True,6,1,0
2023-05-30,leg,17639,34170,10,0,1,2,True,False,True,7,1,0
2023-05-30,leg,17639,34170,10,0,1,2,True,False,True,8,1,0
2023-05-30,leg,17639,34170,10,0,1,2,True,False,True,9,1,0
2023-05-30,leg,17639,34170,10,0,1,2,True,False,True,10,1,0
2023-05-30,leg,17639,34844,10,0,1,2,True,False,True,1,1,0
2023-05-30,leg,17639,34844,10,0,1,2,True,False,True,2,1,0
2023-05-30,leg,17639,34844,10,0,1,2,True,False,True,3,1,0
2023-05-30,leg,17639,34844,10,0,1,2,True,False,True,4,1,0
2023-05-30,leg,17639,34844,10,0,1,2,True,False,True,5,1,0
2023-05-30,leg,17639,34844,10,0,1,2,True,False,True,6,1,0
2023-05-30,leg,17639,34844,10,0,1,2,True,False,True,7,1,0
2023-05-30,leg,17639,34844,10,0,1,2,True,False,True,8,1,0
2023-05-30,leg,17639,34844,10,0,1,2,True,False,True,9,1,0
2023-05-30,leg,17639,34844,10,0,1,2,True,False,True,10,1,0
2023-05-30,leg,17639,268689,10,0,5,"1,2,3",True,False,True,1,5,0
2023-05-30,leg,17639,268689,10,0,5,"1,2,3",True,False,True,2,5,0
2023-05-30,leg,17639,268689,10,0,5,"1,2,3",True,False,True,3,5,0
2023-05-30,leg,17639,268689,10,0,5,"1,2,3",True,False,True,4,5,0
2023-05-30,leg,17639,268689,10,0,5,"1,2,3",True,False,True,5,5,0
2023-05-30,leg,17639,268689,10,0,5,"1,2,3",True,False,True,6,5,0
2023-05-30,leg,17639,268689,10,0,5,"1,2,3",True,False,True,7,5,0
2023-05-30,leg,17639,268689,10,0,5,"1,2,3",True,False,True,8,5,0
2023-05-30,leg,17639,268689,10,0,5,"1,2,3",True,False,True,9,5,0
2023-05-30,leg,17639,268689,10,0,5,"1,2,3",True,False,True,10,5,0
2023-05-30,leg,17639,29102,10,0,1,1,True,False,True,1,1,0
2023-05-30,leg,17639,29102,10,0,1,1,True,False,True,2,1,0
2023-05-30,leg,17639,29102,10,0,1,1,True,False,True,3,1,0
2023-05-30,leg,17639,29102,10,0,1,1,True,False,True,4,1,0
2023-05-30,leg,17639,29102,10,0,1,1,True,False,True,5,1,0
2023-05-30,leg,17639,29102,10,0,1,1,True,False,True,6,1,0
2023-05-30,leg,17639,29102,10,0,1,1,True,False,True,7,1,0
2023-05-30,leg,17639,29102,10,0,1,1,True,False,True,8,1,0
2023-05-30,leg,17639,29102,10,0,1,1,True,False,True,9,1,0
2023-05-30,leg,17639,29102,10,0,1,1,True,False,True,10,1,0
2023-05-30,leg,293,23486,10,0,1,2,True,False,True,1,1,0
2023-05-30,leg,293,23486,10,0,1,2,True,False,True,2,1,0
2023-05-30,leg,293,23486,10,0,1,2,True,False,True,3,1,0
2023-05-30,leg,293,23486,10,0,1,2,True,False,True,4,1,0
2023-05-30,leg,293,23486,10,0,1,2,True,False,True,5,1,0
2023-05-30,leg,293,23486,10,0,1,2,True,False,True,6,1,0
2023-05-30,leg,293,23486,10,0,1,2,True,False,True,7,1,0
2023-05-30,leg,293,23486,10,0,1,2,True,False,True,8,1,0
2023-05-30,leg,293,23486,10,0,1,2,True,False,True,9,1,0
2023-05-30,leg,293,23486,10,0,1,2,True,False,True,10,1,0
2023-05-30,leg,17639,39310,10,0,1,1,True,False,True,1,1,0
2023-05-30,leg,17639,39310,10,0,1,1,True,False,True,2,1,0
2023-05-30,leg,17639,39310,10,0,1,1,True,False,True,3,1,0
2023-05-30,leg,17639,39310,10,0,1,1,True,False,True,4,1,0
2023-05-30,leg,17639,39310,10,0,1,1,True,False,True,5,1,0
2023-05-30,leg,17639,39310,10,0,1,1,True,False,True,6,1,0
2023-05-30,leg,17639,39310,10,0,1,1,True,False,True,7,1,0
2023-05-30,leg,17639,39310,10,0,1,1,True,False,True,8,1,0
2023-05-30,leg,17639,39310,10,0,1,1,True,False,True,9,1,0
2023-05-30,leg,17639,39310,10,0,1,1,True,False,True,10,1,0
2023-05-30,leg,15576,206446,10,0,1,1,True,False,False,1,1,0
2023-05-30,leg,15576,206446,10,0,1,1,True,False,False,2,1,0
2023-05-30,leg,15576,206446,10,0,1,1,True,False,False,3,1,0
2023-05-30,leg,15576,206446,10,0,1,1,True,False,False,4,1,0
2023-05-30,leg,15576,206446,10,0,1,1,True,False,False,5,1,0
2023-05-30,leg,15576,206446,10,0,1,1,True,False,False,6,1,0
2023-05-30,leg,15576,206446,10,0,1,1,True,False,False,7,1,0
2023-05-30,leg,15576,206446,10,0,1,1,True,False,False,8,1,0
2023-05-30,leg,15576,206446,10,0,1,1,True,False,False,9,1,0
2023-05-30,leg,15576,206446,10,0,1,1,True,False,False,10,1,0
2023-05-30,leg,17639,41790,10,0,1,1,True,False,True,1,1,0
2023-05-30,leg,17639,41790,10,0,1,1,True,False,True,2,1,0
2023-05-30,leg,17639,41790,10,0,1,1,True,False,True,3,1,0
2023-05-30,leg,17639,41790,10,0,1,1,True,False,True,4,1,0
2023-05-30,leg,17639,41790,10,0,1,1,True,False,True,5,1,0
2023-05-30,leg,17639,41790,10,0,1,1,True,False,True,6,1,0
2023-05-30,leg,17639,41790,10,0,1,1,True,False,True,7,1,0
2023-05-30,leg,17639,41790,10,0,1,1,True,False,True,8,1,0
2023-05-30,leg,17639,41790,10,0,1,1,True,False,True,9,1,0
2023-05-30,leg,17639,41790,10,0,1,1,True,False,True,10,1,0
2023-05-30,leg,17639,211655,10,0,1,1,True,False,True,1,1,0
2023-05-30,leg,17639,211655,10,0,1,1,True,False,True,2,1,0
2023-05-30,leg,17639,211655,10,0,1,1,True,False,True,3,1,0
2023-05-30,leg,17639,211655,10,0,1,1,True,False,True,4,1,0
2023-05-30,leg,17639,211655,10,0,1,1,True,False,True,5,1,0
2023-05-30,leg,17639,211655,10,0,1,1,True,False,True,6,1,0
2023-05-30,leg,17639,211655,10,0,1,1,True,False,True,7,1,0
2023-05-30,leg,17639,211655,10,0,1,1,True,False,True,8,1,0
2023-05-30,leg,17639,211655,10,0,1,1,True,False,True,9,1,0
2023-05-30,leg,17639,211655,10,0,1,1,True,False,True,10,1,0
2023-05-30,leg,17639,39022,10,0,1,1,True,False,True,1,1,0
2023-05-30,leg,17639,39022,10,0,1,1,True,False,True,2,1,0
2023-05-30,leg,17639,39022,10,0,1,1,True,False,True,3,1,0
2023-05-30,leg,17639,39022,10,0,1,1,True,False,True,4,1,0
2023-05-30,leg,17639,39022,10,0,1,1,True,False,True,5,1,0
2023-05-30,leg,17639,39022,10,0,1,1,True,False,True,6,1,0
2023-05-30,leg,17639,39022,10,0,1,1,True,False,True,7,1,0
2023-05-30,leg,17639,39022,10,0,1,1,True,False,True,8,1,0
2023-05-30,leg,17639,39022,10,0,1,1,True,False,True,9,1,0
2023-05-30,leg,17639,39022,10,0,1,1,True,False,True,10,1,0
2023-05-30,leg,17639,34183,10,0,1,1,True,False,True,1,1,0
2023-05-30,leg,17639,34183,10,0,1,1,True,False,True,2,1,0
2023-05-30,leg,17639,34183,10,0,1,1,True,False,True,3,1,0
2023-05-30,leg,17639,34183,10,0,1,1,True,False,True,4,1,0
2023-05-30,leg,17639,34183,10,0,1,1,True,False,True,5,1,0
2023-05-30,leg,17639,34183,10,0,1,1,True,False,True,6,1,0
2023-05-30,leg,17639,34183,10,0,1,1,True,False,True,7,1,0
2023-05-30,leg,17639,34183,10,0,1,1,True,False,True,8,1,0
2023-05-30,leg,17639,34183,10,0,1,1,True,False,True,9,1,0
2023-05-30,leg,17639,34183,10,0,1,1,True,False,True,10,1,0
2023-05-30,leg,17639,42405,10,0,1,1,True,False,True,1,1,0
2023-05-30,leg,17639,42405,10,0,1,1,True,False,True,2,1,0
2023-05-30,leg,17639,42405,10,0,1,1,True,False,True,3,1,0
2023-05-30,leg,17639,42405,10,0,1,1,True,False,True,4,1,0
2023-05-30,leg,17639,42405,10,0,1,1,True,False,True,5,1,0
2023-05-30,leg,17639,42405,10,0,1,1,True,False,True,6,1,0
2023-05-30,leg,17639,42405,10,0,1,1,True,False,True,7,1,0
2023-05-30,leg,17639,42405,10,0,1,1,True,False,True,8,1,0
2023-05-30,leg,17639,42405,10,0,1,1,True,False,True,9,1,0
2023-05-30,leg,17639,42405,10,0,1,1,True,False,True,10,1,0
2023-05-30,leg,17639,35760,10,0,1,1,True,False,True,1,1,0
2023-05-30,leg,17639,35760,10,0,1,1,True,False,True,2,1,0
2023-05-30,leg,17639,35760,10,0,1,1,True,False,True,3,1,0
2023-05-30,leg,17639,35760,10,0,1,1,True,False,True,4,1,0
2023-05-30,leg,17639,35760,10,0,1,1,True,False,True,5,1,0
2023-05-30,leg,17639,35760,10,0,1,1,True,False,True,6,1,0
2023-05-30,leg,17639,35760,10,0,1,1,True,False,True,7,1,0
2023-05-30,leg,17639,35760,10,0,1,1,True,False,True,8,1,0
2023-05-30,leg,17639,35760,10,0,1,1,True,False,True,9,1,0
2023-05-30,leg,17639,35760,10,0,1,1,True,False,True,10,1,0
2023-05-30,leg,17639,209970,10,0,1,1,True,False,True,1,1,0
2023-05-30,leg,17639,209970,10,0,1,1,True,False,True,2,1,0
2023-05-30,leg,17639,209970,10,0,1,1,True,False,True,3,1,0
2023-05-30,leg,17639,209970,10,0,1,1,True,False,True,4,1,0
2023-05-30,leg,17639,209970,10,0,1,1,True,False,True,5,1,0
2023-05-30,leg,17639,209970,10,0,1,1,True,False,True,6,1,0
2023-05-30,leg,17639,209970,10,0,1,1,True,False,True,7,1,0
2023-05-30,leg,17639,209970,10,0,1,1,True,False,True,8,1,0
2023-05-30,leg,17639,209970,10,0,1,1,True,False,True,9,1,0
2023-05-30,leg,17639,209970,10,0,1,1,True,False,True,10,1,0
2023-05-30,leg,293,16265,10,0,3,2,True,False,True,1,3,0
2023-05-30,leg,293,16265,10,0,3,2,True,False,True,2,3,0
2023-05-30,leg,293,16265,10,0,3,2,True,False,True,3,3,0
2023-05-30,leg,293,16265,10,0,3,2,True,False,True,4,3,0
2023-05-30,leg,293,16265,10,0,3,2,True,False,True,5,3,0
2023-05-30,leg,293,16265,10,0,3,2,True,False,True,6,3,0
2023-05-30,leg,293,16265,10,0,3,2,True,False,True,7,3,0
2023-05-30,leg,293,16265,10,0,3,2,True,False,True,8,3,0
2023-05-30,leg,293,16265,10,0,3,2,True,False,True,9,3,0
2023-05-30,leg,293,16265,10,0,3,2,True,False,True,10,3,0
2023-05-30,leg,35600,50624,10,0,1,1,True,False,True,1,1,0
2023-05-30,leg,35600,50624,10,0,1,1,True,False,True,2,1,0
2023-05-30,leg,35600,50624,10,0,1,1,True,False,True,3,1,0
2023-05-30,leg,35600,50624,10,0,1,1,True,False,True,4,1,0
2023-05-30,leg,35600,50624,10,0,1,1,True,False,True,5,1,0
2023-05-30,leg,35600,50624,10,0,1,1,True,False,True,6,1,0
2023-05-30,leg,35600,50624,10,0,1,1,True,False,True,7,1,0
2023-05-30,leg,35600,50624,10,0,1,1,True,False,True,8,1,0
2023-05-30,leg,35600,50624,10,0,1,1,True,False,True,9,1,0
2023-05-30,leg,35600,50624,10,0,1,1,True,False,True,10,1,0
2023-05-30,leg,12294,17639,10,0,1,1,True,False,True,1,1,0
2023-05-30,leg,12294,17639,10,0,1,1,True,False,True,2,1,0
2023-05-30,leg,12294,17639,10,0,1,1,True,False,True,3,1,0
2023-05-30,leg,12294,17639,10,0,1,1,True,False,True,4,1,0
2023-05-30,leg,12294,17639,10,0,1,1,True,False,True,5,1,0
2023-05-30,leg,12294,17639,10,0,1,1,True,False,True,6,1,0
2023-05-30,leg,12294,17639,10,0,1,1,True,False,True,7,1,0
2023-05-30,leg,12294,17639,10,0,1,1,True,False,True,8,1,0
2023-05-30,leg,12294,17639,10,0,1,1,True,False,True,9,1,0
2023-05-30,leg,12294,17639,10,0,1,1,True,False,True,10,1,0
2023-05-30,leg,7721,198480,10,0,1,1,True,False,True,1,1,0
2023-05-30,leg,7721,198480,10,0,1,1,True,False,True,2,1,0
2023-05-30,leg,7721,198480,10,0,1,1,True,False,True,3,1,0
2023-05-30,leg,7721,198480,10,0,1,1,True,False,True,4,1,0
2023-05-30,leg,7721,198480,10,0,1,1,True,False,True,5,1,0
2023-05-30,leg,7721,198480,10,0,1,1,True,False,True,6,1,0
2023-05-30,leg,7721,198480,10,0,1,1,True,False,True,7,1,0
2023-05-30,leg,7721,198480,10,0,1,1,True,False,True,8,1,0
2023-05-30,leg,7721,198480,10,0,1,1,True,False,True,9,1,0
2023-05-30,leg,7721,198480,10,0,1,1,True,False,True,10,1,0
2023-05-30,leg,61614,269478,10,0,532,"1,2,3,4",True,False,False,1,532,0
2023-05-30,leg,61614,269478,10,0,532,"1,2,3,4",True,False,False,2,532,0
2023-05-30,leg,61614,269478,10,0,532,"1,2,3,4",True,False,False,3,532,0
2023-05-30,leg,61614,269478,10,0,532,"1,2,3,4",True,False,False,4,532,0
2023-05-30,leg,61614,269478,10,0,532,"1,2,3,4",True,False,False,5,532,0
2023-05-30,leg,61614,269478,10,0,532,"1,2,3,4",True,False,False,6,532,0
2023-05-30,leg,61614,269478,10,0,532,"1,2,3,4",True,False,False,7,532,0
2023-05-30,leg,61614,269478,10,0,532,"1,2,3,4",True,False,False,8,532,0
2023-05-30,leg,61614,269478,10,0,532,"1,2,3,4",True,False,False,9,532,0
2023-05-30,leg,61614,269478,10,0,532,"1,2,3,4",True,False,False,10,532,0
2023-05-30,leg,3758,133471,10,0,417,1,True,False,False,1,417,0
2023-05-30,leg,3758,133471,10,0,417,1,True,False,False,2,417,0
2023-05-30,leg,3758,133471,10,0,417,1,True,False,False,3,417,0
2023-05-30,leg,3758,133471,10,0,417,1,True,False,False,4,417,0
2023-05-30,leg,3758,133471,10,0,417,1,True,False,False,5,417,0
2023-05-30,leg,3758,133471,10,0,417,1,True,False,False,6,417,0
2023-05-30,leg,3758,133471,10,0,417,1,True,False,False,7,417,0
2023-05-30,leg,3758,133471,10,0,417,1,True,False,False,8,417,0
2023-05-30,leg,3758,133471,10,0,417,1,True,False,False,9,417,0
2023-05-30,leg,3758,133471,10,0,417,1,True,False,False,10,417,0
2023-05-30,leg,17639,203302,10,0,1,1,True,False,True,1,1,0
2023-05-30,leg,17639,203302,10,0,1,1,True,False,True,2,1,0
2023-05-30,leg,17639,203302,10,0,1,1,True,False,True,3,1,0
2023-05-30,leg,17639,203302,10,0,1,1,True,False,True,4,1,0
2023-05-30,leg,17639,203302,10,0,1,1,True,False,True,5,1,0
2023-05-30,leg,17639,203302,10,0,1,1,True,False,True,6,1,0
2023-05-30,leg,17639,203302,10,0,1,1,True,False,True,7,1,0
2023-05-30,leg,17639,203302,10,0,1,1,True,False,True,8,1,0
2023-05-30,leg,17639,203302,10,0,1,1,True,False,True,9,1,0
2023-05-30,leg,17639,203302,10,0,1,1,True,False,True,10,1,0
2023-05-30,leg,17639,267367,10,0,1,1,True,False,True,1,1,0
2023-05-30,leg,17639,267367,10,0,1,1,True,False,True,2,1,0
2023-05-30,leg,17639,267367,10,0,1,1,True,False,True,3,1,0
2023-05-30,leg,17639,267367,10,0,1,1,True,False,True,4,1,0
2023-05-30,leg,17639,267367,10,0,1,1,True,False,True,5,1,0
2023-05-30,leg,17639,267367,10,0,1,1,True,False,True,6,1,0
2023-05-30,leg,17639,267367,10,0,1,1,True,False,True,7,1,0
2023-05-30,leg,17639,267367,10,0,1,1,True,False,True,8,1,0
2023-05-30,leg,17639,267367,10,0,1,1,True,False,True,9,1,0
2023-05-30,leg,17639,267367,10,0,1,1,True,False,True,10,1,0
2023-05-30,leg,17639,201990,10,0,1,1,True,False,True,1,1,0
2023-05-30,leg,17639,201990,10,0,1,1,True,False,True,2,1,0
2023-05-30,leg,17639,201990,10,0,1,1,True,False,True,3,1,0
2023-05-30,leg,17639,201990,10,0,1,1,True,False,True,4,1,0
2023-05-30,leg,17639,201990,10,0,1,1,True,False,True,5,1,0
2023-05-30,leg,17639,201990,10,0,1,1,True,False,True,6,1,0
2023-05-30,leg,17639,201990,10,0,1,1,True,False,True,7,1,0
2023-05-30,leg,17639,201990,10,0,1,1,True,False,True,8,1,0
2023-05-30,leg,17639,201990,10,0,1,1,True,False,True,9,1,0
2023-05-30,leg,17639,201990,10,0,1,1,True,False,True,10,1,0
2023-05-30,leg,28260,58057,10,0,64,"1,2,3,5,7",True,False,False,1,62,2
2023-05-30,leg,28260,58057,10,0,64,"1,2,3,5,7",True,False,False,2,62,2
2023-05-30,leg,28260,58057,10,0,64,"1,2,3,5,7",True,False,False,3,62,2
2023-05-30,leg,28260,58057,10,0,64,"1,2,3,5,7",True,False,False,4,62,2
2023-05-30,leg,28260,58057,10,0,64,"1,2,3,5,7",True,False,False,5,62,2
2023-05-30,leg,28260,58057,10,0,64,"1,2,3,5,7",True,False,False,6,62,2
2023-05-30,leg,28260,58057,10,0,64,"1,2,3,5,7",True,False,False,7,62,2
2023-05-30,leg,28260,58057,10,0,64,"1,2,3,5,7",True,False,False,8,62,2
2023-05-30,leg,28260,58057,10,0,64,"1,2,3,5,7",True,False,False,9,63,1
2023-05-30,leg,28260,58057,10,0,64,"1,2,3,5,7",True,False,False,10,64,0
2023-05-30,leg,8855,17639,10,0,1,1,True,False,True,1,1,0
2023-05-30,leg,8855,17639,10,0,1,1,True,False,True,2,1,0
2023-05-30,leg,8855,17639,10,0,1,1,True,False,True,3,1,0
2023-05-30,leg,8855,17639,10,0,1,1,True,False,True,4,1,0
2023-05-30,leg,8855,17639,10,0,1,1,True,False,True,5,1,0
2023-05-30,leg,8855,17639,10,0,1,1,True,False,True,6,1,0
2023-05-30,leg,8855,17639,10,0,1,1,True,False,True,7,1,0
2023-05-30,leg,8855,17639,10,0,1,1,True,False,True,8,1,0
2023-05-30,leg,8855,17639,10,0,1,1,True,False,True,9,1,0
2023-05-30,leg,8855,17639,10,0,1,1,True,False,True,10,1,0
2023-05-30,leg,17639,51314,10,0,1,1,True,False,True,1,1,0
2023-05-30,leg,17639,51314,10,0,1,1,True,False,True,2,1,0
2023-05-30,leg,17639,51314,10,0,1,1,True,False,True,3,1,0
2023-05-30,leg,17639,51314,10,0,1,1,True,False,True,4,1,0
2023-05-30,leg,17639,51314,10,0,1,1,True,False,True,5,1,0
2023-05-30,leg,17639,51314,10,0,1,1,True,False,True,6,1,0
2023-05-30,leg,17639,51314,10,0,1,1,True,False,True,7,1,0
2023-05-30,leg,17639,51314,10,0,1,1,True,False,True,8,1,0
2023-05-30,leg,17639,51314,10,0,1,1,True,False,True,9,1,0
2023-05-30,leg,17639,51314,10,0,1,1,True,False,True,10,1,0
2023-05-30,leg,17639,59536,10,0,1,1,True,False,True,1,1,0
2023-05-30,leg,17639,59536,10,0,1,1,True,False,True,2,1,0
2023-05-30,leg,17639,59536,10,0,1,1,True,False,True,3,1,0
2023-05-30,leg,17639,59536,10,0,1,1,True,False,True,4,1,0
2023-05-30,leg,17639,59536,10,0,1,1,True,False,True,5,1,0
2023-05-30,leg,17639,59536,10,0,1,1,True,False,True,6,1,0
2023-05-30,leg,17639,59536,10,0,1,1,True,False,True,7,1,0
2023-05-30,leg,17639,59536,10,0,1,1,True,False,True,8,1,0
2023-05-30,leg,17639,59536,10,0,1,1,True,False,True,9,1,0
2023-05-30,leg,17639,59536,10,0,1,1,True,False,True,10,1,0
2023-05-30,leg,17639,212692,10,0,2,"3,4",True,False,True,1,2,0
2023-05-30,leg,17639,212692,10,0,2,"3,4",True,False,True,2,2,0
2023-05-30,leg,17639,212692,10,0,2,"3,4",True,False,True,3,2,0
2023-05-30,leg,17639,212692,10,0,2,"3,4",True,False,True,4,2,0
2023-05-30,leg,17639,212692,10,0,2,"3,4",True,False,True,5,2,0
2023-05-30,leg,17639,212692,10,0,2,"3,4",True,False,True,6,2,0
2023-05-30,leg,17639,212692,10,0,2,"3,4",True,False,True,7,2,0
2023-05-30,leg,17639,212692,10,0,2,"3,4",True,False,True,8,2,0
2023-05-30,leg,17639,212692,10,0,2,"3,4",True,False,True,9,2,0
2023-05-30,leg,17639,212692,10,0,2,"3,4",True,False,True,10,2,0
2023-05-30,leg,17639,210477,10,0,1,1,True,False,True,1,1,0
2023-05-30,leg,17639,210477,10,0,1,1,True,False,True,2,1,0
2023-05-30,leg,17639,210477,10,0,1,1,True,False,True,3,1,0
2023-05-30,leg,17639,210477,10,0,1,1,True,False,True,4,1,0
2023-05-30,leg,17639,210477,10,0,1,1,True,False,True,5,1,0
2023-05-30,leg,17639,210477,10,0,1,1,True,False,True,6,1,0
2023-05-30,leg,17639,210477,10,0,1,1,True,False,True,7,1,0
2023-05-30,leg,17639,210477,10,0,1,1,True,False,True,8,1,0
2023-05-30,leg,17639,210477,10,0,1,1,True,False,True,9,1,0
2023-05-30,leg,17639,210477,10,0,1,1,True,False,True,10,1,0
2023-05-30,leg,17639,212054,10,0,1,1,True,False,True,1,1,0
2023-05-30,leg,17639,212054,10,0,1,1,True,False,True,2,1,0
2023-05-30,leg,17639,212054,10,0,1,1,True,False,True,3,1,0
2023-05-30,leg,17639,212054,10,0,1,1,True,False,True,4,1,0
2023-05-30,leg,17639,212054,10,0,1,1,True,False,True,5,1,0
2023-05-30,leg,17639,212054,10,0,1,1,True,False,True,6,1,0
2023-05-30,leg,17639,212054,10,0,1,1,True,False,True,7,1,0
2023-05-30,leg,17639,212054,10,0,1,1,True,False,True,8,1,0
2023-05-30,leg,17639,212054,10,0,1,1,True,False,True,9,1,0
2023-05-30,leg,17639,212054,10,0,1,1,True,False,True,10,1,0
2023-05-30,leg,17639,57815,10,0,1,1,True,False,True,1,1,0
2023-05-30,leg,17639,57815,10,0,1,1,True,False,True,2,1,0
2023-05-30,leg,17639,57815,10,0,1,1,True,False,True,3,1,0
2023-05-30,leg,17639,57815,10,0,1,1,True,False,True,4,1,0
2023-05-30,leg,17639,57815,10,0,1,1,True,False,True,5,1,0
2023-05-30,leg,17639,57815,10,0,1,1,True,False,True,6,1,0
2023-05-30,leg,17639,57815,10,0,1,1,True,False,True,7,1,0
2023-05-30,leg,17639,57815,10,0,1,1,True,False,True,8,1,0
2023-05-30,leg,17639,57815,10,0,1,1,True,False,True,9,1,0
2023-05-30,leg,17639,57815,10,0,1,1,True,False,True,10,1,0
2023-05-30,leg,17639,200125,10,0,1,1,True,False,True,1,1,0
2023-05-30,leg,17639,200125,10,0,1,1,True,False,True,2,1,0
2023-05-30,leg,17639,200125,10,0,1,1,True,False,True,3,1,0
2023-05-30,leg,17639,200125,10,0,1,1,True,False,True,4,1,0
2023-05-30,leg,17639,200125,10,0,1,1,True,False,True,5,1,0
2023-05-30,leg,17639,200125,10,0,1,1,True,False,True,6,1,0
2023-05-30,leg,17639,200125,10,0,1,1,True,False,True,7,1,0
2023-05-30,leg,17639,200125,10,0,1,1,True,False,True,8,1,0
2023-05-30,leg,17639,200125,10,0,1,1,True,False,True,9,1,0
2023-05-30,leg,17639,200125,10,0,1,1,True,False,True,10,1,0
2023-05-30,leg,1916,267219,10,0,2,"1,2",True,False,False,1,2,0
2023-05-30,leg,1916,267219,10,0,2,"1,2",True,False,False,2,2,0
2023-05-30,leg,1916,267219,10,0,2,"1,2",True,False,False,3,2,0
2023-05-30,leg,1916,267219,10,0,2,"1,2",True,False,False,4,2,0
2023-05-30,leg,1916,267219,10,0,2,"1,2",True,False,False,5,2,0
2023-05-30,leg,1916,267219,10,0,2,"1,2",True,False,False,6,2,0
2023-05-30,leg,1916,267219,10,0,2,"1,2",True,False,False,7,2,0
2023-05-30,leg,1916,267219,10,0,2,"1,2",True,False,False,8,2,0
2023-05-30,leg,1916,267219,10,0,2,"1,2",True,False,False,9,2,0
2023-05-30,leg,1916,267219,10,0,2,"1,2",True,False,False,10,2,0
2023-05-30,leg,17639,200799,10,0,2,"1,2",True,False,True,1,2,0
2023-05-30,leg,17639,200799,10,0,2,"1,2",True,False,True,2,2,0
2023-05-30,leg,17639,200799,10,0,2,"1,2",True,False,True,3,2,0
2023-05-30,leg,17639,200799,10,0,2,"1,2",True,False,True,4,2,0
2023-05-30,leg,17639,200799,10,0,2,"1,2",True,False,True,5,2,0
2023-05-30,leg,17639,200799,10,0,2,"1,2",True,False,True,6,2,0
2023-05-30,leg,17639,200799,10,0,2,"1,2",True,False,True,7,2,0
2023-05-30,leg,17639,200799,10,0,2,"1,2",True,False,True,8,2,0
2023-05-30,leg,17639,200799,10,0,2,"1,2",True,False,True,9,2,0
2023-05-30,leg,17639,200799,10,0,2,"1,2",True,False,True,10,2,0
2023-05-30,leg,293,26077,10,0,1,1,True,False,True,1,1,0
2023-05-30,leg,293,26077,10,0,1,1,True,False,True,2,1,0
2023-05-30,leg,293,26077,10,0,1,1,True,False,True,3,1,0
2023-05-30,leg,293,26077,10,0,1,1,True,False,True,4,1,0
2023-05-30,leg,293,26077,10,0,1,1,True,False,True,5,1,0
2023-05-30,leg,293,26077,10,0,1,1,True,False,True,6,1,0
2023-05-30,leg,293,26077,10,0,1,1,True,False,True,7,1,0
2023-05-30,leg,293,26077,10,0,1,1,True,False,True,8,1,0
2023-05-30,leg,293,26077,10,0,1,1,True,False,True,9,1,0
2023-05-30,leg,293,26077,10,0,1,1,True,False,True,10,1,0
2023-05-30,leg,17639,203917,10,0,1,1,True,False,True,1,1,0
2023-05-30,leg,17639,203917,10,0,1,1,True,False,True,2,1,0
2023-05-30,leg,17639,203917,10,0,1,1,True,False,True,3,1,0
2023-05-30,leg,17639,203917,10,0,1,1,True,False,True,4,1,0
2023-05-30,leg,17639,203917,10,0,1,1,True,False,True,5,1,0
2023-05-30,leg,17639,203917,10,0,1,1,True,False,True,6,1,0
2023-05-30,leg,17639,203917,10,0,1,1,True,False,True,7,1,0
2023-05-30,leg,17639,203917,10,0,1,1,True,False,True,8,1,0
2023-05-30,leg,17639,203917,10,0,1,1,True,False,True,9,1,0
2023-05-30,leg,17639,203917,10,0,1,1,True,False,True,10,1,0
2023-05-30,leg,17639,202605,10,0,1,1,True,False,True,1,1,0
2023-05-30,leg,17639,202605,10,0,1,1,True,False,True,2,1,0
2023-05-30,leg,17639,202605,10,0,1,1,True,False,True,3,1,0
2023-05-30,leg,17639,202605,10,0,1,1,True,False,True,4,1,0
2023-05-30,leg,17639,202605,10,0,1,1,True,False,True,5,1,0
2023-05-30,leg,17639,202605,10,0,1,1,True,False,True,6,1,0
2023-05-30,leg,17639,202605,10,0,1,1,True,False,True,7,1,0
2023-05-30,leg,17639,202605,10,0,1,1,True,False,True,8,1,0
2023-05-30,leg,17639,202605,10,0,1,1,True,False,True,9,1,0
2023-05-30,leg,17639,202605,10,0,1,1,True,False,True,10,1,0
2023-05-30,leg,50629,269223,10,0,1,1,True,True,True,1,1,0
2023-05-30,leg,50629,269223,10,0,1,1,True,True,True,2,1,0
2023-05-30,leg,50629,269223,10,0,1,1,True,True,True,3,1,0
2023-05-30,leg,50629,269223,10,0,1,1,True,True,True,4,1,0
2023-05-30,leg,50629,269223,10,0,1,1,True,True,True,5,1,0
2023-05-30,leg,50629,269223,10,0,1,1,True,True,True,6,1,0
2023-05-30,leg,50629,269223,10,0,1,1,True,True,True,7,1,0
2023-05-30,leg,50629,269223,10,0,1,1,True,True,True,8,1,0
2023-05-30,leg,50629,269223,10,0,1,1,True,True,True,9,1,0
2023-05-30,leg,50629,269223,10,0,1,1,True,True,True,10,1,0
2023-05-30,leg,17639,199981,10,0,1,1,True,False,True,1,1,0
2023-05-30,leg,17639,199981,10,0,1,1,True,False,True,2,1,0
2023-05-30,leg,17639,199981,10,0,1,1,True,False,True,3,1,0
2023-05-30,leg,17639,199981,10,0,1,1,True,False,True,4,1,0
2023-05-30,leg,17639,199981,10,0,1,1,True,False,True,5,1,0
2023-05-30,leg,17639,199981,10,0,1,1,True,False,True,6,1,0
2023-05-30,leg,17639,199981,10,0,1,1,True,False,True,7,1,0
2023-05-30,leg,17639,199981,10,0,1,1,True,False,True,8,1,0
2023-05-30,leg,17639,199981,10,0,1,1,True,False,True,9,1,0
2023-05-30,leg,17639,199981,10,0,1,1,True,False,True,10,1,0
2023-05-30,leg,8758,206446,10,0,1,1,True,False,False,1,1,0
2023-05-30,leg,8758,206446,10,0,1,1,True,False,False,2,1,0
2023-05-30,leg,8758,206446,10,0,1,1,True,False,False,3,1,0
2023-05-30,leg,8758,206446,10,0,1,1,True,False,False,4,1,0
2023-05-30,leg,8758,206446,10,0,1,1,True,False,False,5,1,0
2023-05-30,leg,8758,206446,10,0,1,1,True,False,False,6,1,0
2023-05-30,leg,8758,206446,10,0,1,1,True,False,False,7,1,0
2023-05-30,leg,8758,206446,10,0,1,1,True,False,False,8,1,0
2023-05-30,leg,8758,206446,10,0,1,1,True,False,False,9,1,0
2023-05-30,leg,8758,206446,10,0,1,1,True,False,False,10,1,0
2023-05-30,leg,12735,208951,10,0,22,1,True,True,False,1,12,10
2023-05-30,leg,12735,208951,10,0,22,1,True,True,False,2,17,5
2023-05-30,leg,12735,208951,10,0,22,1,True,True,False,3,21,1
2023-05-30,leg,12735,208951,10,0,22,1,True,True,False,4,21,1
2023-05-30,leg,12735,208951,10,0,22,1,True,True,False,5,21,1
2023-05-30,leg,12735,208951,10,0,22,1,True,True,False,6,22,0
2023-05-30,leg,12735,208951,10,0,22,1,True,True,False,7,22,0
2023-05-30,leg,12735,208951,10,0,22,1,True,True,False,8,22,0
2023-05-30,leg,12735,208951,10,0,22,1,True,True,False,9,22,0
2023-05-30,leg,12735,208951,10,0,22,1,True,True,False,10,22,0
2023-05-30,leg,2027,50624,10,0,1,1,True,False,True,1,1,0
2023-05-30,leg,2027,50624,10,0,1,1,True,False,True,2,1,0
2023-05-30,leg,2027,50624,10,0,1,1,True,False,True,3,1,0
2023-05-30,leg,2027,50624,10,0,1,1,True,False,True,4,1,0
2023-05-30,leg,2027,50624,10,0,1,1,True,False,True,5,1,0
2023-05-30,leg,2027,50624,10,0,1,1,True,False,True,6,1,0
2023-05-30,leg,2027,50624,10,0,1,1,True,False,True,7,1,0
2023-05-30,leg,2027,50624,10,0,1,1,True,False,True,8,1,0
2023-05-30,leg,2027,50624,10,0,1,1,True,False,True,9,1,0
2023-05-30,leg,2027,50624,10,0,1,1,True,False,True,10,1,0
2023-05-30,leg,29396,209768,10,0,1,1,True,False,False,1,1,0
2023-05-30,leg,29396,209768,10,0,1,1,True,False,False,2,1,0
2023-05-30,leg,29396,209768,10,0,1,1,True,False,False,3,1,0
2023-05-30,leg,29396,209768,10,0,1,1,True,False,False,4,1,0
2023-05-30,leg,29396,209768,10,0,1,1,True,False,False,5,1,0
2023-05-30,leg,29396,209768,10,0,1,1,True,False,False,6,1,0
2023-05-30,leg,29396,209768,10,0,1,1,True,False,False,7,1,0
2023-05-30,leg,29396,209768,10,0,1,1,True,False,False,8,1,0
2023-05-30,leg,29396,209768,10,0,1,1,True,False,False,9,1,0
2023-05-30,leg,29396,209768,10,0,1,1,True,False,False,10,1,0
2023-05-30,leg,61614,267276,10,0,1618,"1,2,3",True,False,False,1,1618,0
2023-05-30,leg,61614,267276,10,0,1618,"1,2,3",True,False,False,2,1618,0
2023-05-30,leg,61614,267276,10,0,1618,"1,2,3",True,False,False,3,1618,0
2023-05-30,leg,61614,267276,10,0,1618,"1,2,3",True,False,False,4,1618,0
2023-05-30,leg,61614,267276,10,0,1618,"1,2,3",True,False,False,5,1618,0
2023-05-30,leg,61614,267276,10,0,1618,"1,2,3",True,False,False,6,1618,0
2023-05-30,leg,61614,267276,10,0,1618,"1,2,3",True,False,False,7,1617,1
2023-05-30,leg,61614,267276,10,0,1618,"1,2,3",True,False,False,8,1618,0
2023-05-30,leg,61614,267276,10,0,1618,"1,2,3",True,False,False,9,1618,0
2023-05-30,leg,61614,267276,10,0,1618,"1,2,3",True,False,False,10,1618,0
2023-05-30,leg,8447,206446,10,0,1,1,True,False,False,1,1,0
2023-05-30,leg,8447,206446,10,0,1,1,True,False,False,2,1,0
2023-05-30,leg,8447,206446,10,0,1,1,True,False,False,3,1,0
2023-05-30,leg,8447,206446,10,0,1,1,True,False,False,4,1,0
2023-05-30,leg,8447,206446,10,0,1,1,True,False,False,5,1,0
2023-05-30,leg,8447,206446,10,0,1,1,True,False,False,6,1,0
2023-05-30,leg,8447,206446,10,0,1,1,True,False,False,7,1,0
2023-05-30,leg,8447,206446,10,0,1,1,True,False,False,8,1,0
2023-05-30,leg,8447,206446,10,0,1,1,True,False,False,9,1,0
2023-05-30,leg,8447,206446,10,0,1,1,True,False,False,10,1,0
2023-05-30,leg,28233,263152,10,0,1,1,True,False,True,1,1,0
2023-05-30,leg,28233,263152,10,0,1,1,True,False,True,2,1,0
2023-05-30,leg,28233,263152,10,0,1,1,True,False,True,3,1,0
2023-05-30,leg,28233,263152,10,0,1,1,True,False,True,4,1,0
2023-05-30,leg,28233,263152,10,0,1,1,True,False,True,5,1,0
2023-05-30,leg,28233,263152,10,0,1,1,True,False,True,6,1,0
2023-05-30,leg,28233,263152,10,0,1,1,True,False,True,7,1,0
2023-05-30,leg,28233,263152,10,0,1,1,True,False,True,8,1,0
2023-05-30,leg,28233,263152,10,0,1,1,True,False,True,9,1,0
2023-05-30,leg,28233,263152,10,0,1,1,True,False,True,10,1,0
2023-05-30,leg,17639,199585,10,0,1,1,True,False,True,1,1,0
2023-05-30,leg,17639,199585,10,0,1,1,True,False,True,2,1,0
2023-05-30,leg,17639,199585,10,0,1,1,True,False,True,3,1,0
2023-05-30,leg,17639,199585,10,0,1,1,True,False,True,4,1,0
2023-05-30,leg,17639,199585,10,0,1,1,True,False,True,5,1,0
2023-05-30,leg,17639,199585,10,0,1,1,True,False,True,6,1,0
2023-05-30,leg,17639,199585,10,0,1,1,True,False,True,7,1,0
2023-05-30,leg,17639,199585,10,0,1,1,True,False,True,8,1,0
2023-05-30,leg,17639,199585,10,0,1,1,True,False,True,9,1,0
2023-05-30,leg,17639,199585,10,0,1,1,True,False,True,10,1,0
2023-05-30,leg,17639,205363,10,0,1,1,True,False,True,1,1,0
2023-05-30,leg,17639,205363,10,0,1,1,True,False,True,2,1,0
2023-05-30,leg,17639,205363,10,0,1,1,True,False,True,3,1,0
2023-05-30,leg,17639,205363,10,0,1,1,True,False,True,4,1,0
2023-05-30,leg,17639,205363,10,0,1,1,True,False,True,5,1,0
2023-05-30,leg,17639,205363,10,0,1,1,True,False,True,6,1,0
2023-05-30,leg,17639,205363,10,0,1,1,True,False,True,7,1,0
2023-05-30,leg,17639,205363,10,0,1,1,True,False,True,8,1,0
2023-05-30,leg,17639,205363,10,0,1,1,True,False,True,9,1,0
2023-05-30,leg,17639,205363,10,0,1,1,True,False,True,10,1,0
2023-05-30,leg,61659,269475,10,0,338,1,True,False,False,1,337,1
2023-05-30,leg,61659,269475,10,0,338,1,True,False,False,2,338,0
2023-05-30,leg,61659,269475,10,0,338,1,True,False,False,3,338,0
2023-05-30,leg,61659,269475,10,0,338,1,True,False,False,4,338,0
2023-05-30,leg,61659,269475,10,0,338,1,True,False,False,5,338,0
2023-05-30,leg,61659,269475,10,0,338,1,True,False,False,6,338,0
2023-05-30,leg,61659,269475,10,0,338,1,True,False,False,7,338,0
2023-05-30,leg,61659,269475,10,0,338,1,True,False,False,8,338,0
2023-05-30,leg,61659,269475,10,0,338,1,True,False,False,9,338,0
2023-05-30,leg,61659,269475,10,0,338,1,True,False,False,10,338,0
2023-05-30,leg,20485,24837,10,0,108,1,True,False,False,1,107,1
2023-05-30,leg,20485,24837,10,0,108,1,True,False,False,2,108,0
2023-05-30,leg,20485,24837,10,0,108,1,True,False,False,3,108,0
2023-05-30,leg,20485,24837,10,0,108,1,True,False,False,4,108,0
2023-05-30,leg,20485,24837,10,0,108,1,True,False,False,5,108,0
2023-05-30,leg,20485,24837,10,0,108,1,True,False,False,6,108,0
2023-05-30,leg,20485,24837,10,0,108,1,True,False,False,7,108,0
2023-05-30,leg,20485,24837,10,0,108,1,True,False,False,8,108,0
2023-05-30,leg,20485,24837,10,0,108,1,True,False,False,9,108,0
2023-05-30,leg,20485,24837,10,0,108,1,True,False,False,10,108,0
2023-05-30,leg,6663,18403,10,0,1,2,True,False,False,1,1,0
2023-05-30,leg,6663,18403,10,0,1,2,True,False,False,2,1,0
2023-05-30,leg,6663,18403,10,0,1,2,True,False,False,3,1,0
2023-05-30,leg,6663,18403,10,0,1,2,True,False,False,4,1,0
2023-05-30,leg,6663,18403,10,0,1,2,True,False,False,5,1,0
2023-05-30,leg,6663,18403,10,0,1,2,True,False,False,6,1,0
2023-05-30,leg,6663,18403,10,0,1,2,True,False,False,7,1,0
2023-05-30,leg,6663,18403,10,0,1,2,True,False,False,8,1,0
2023-05-30,leg,6663,18403,10,0,1,2,True,False,False,9,1,0
2023-05-30,leg,6663,18403,10,0,1,2,True,False,False,10,1,0
2023-05-30,leg,8596,17639,10,0,1,1,True,False,True,1,1,0
2023-05-30,leg,8596,17639,10,0,1,1,True,False,True,2,1,0
2023-05-30,leg,8596,17639,10,0,1,1,True,False,True,3,1,0
2023-05-30,leg,8596,17639,10,0,1,1,True,False,True,4,1,0
2023-05-30,leg,8596,17639,10,0,1,1,True,False,True,5,1,0
2023-05-30,leg,8596,17639,10,0,1,1,True,False,True,6,1,0
2023-05-30,leg,8596,17639,10,0,1,1,True,False,True,7,1,0
2023-05-30,leg,8596,17639,10,0,1,1,True,False,True,8,1,0
2023-05-30,leg,8596,17639,10,0,1,1,True,False,True,9,1,0
2023-05-30,leg,8596,17639,10,0,1,1,True,False,True,10,1,0
2023-05-30,leg,10674,17639,10,0,8,"1,2",True,False,True,1,8,0
2023-05-30,leg,10674,17639,10,0,8,"1,2",True,False,True,2,8,0
2023-05-30,leg,10674,17639,10,0,8,"1,2",True,False,True,3,8,0
2023-05-30,leg,10674,17639,10,0,8,"1,2",True,False,True,4,8,0
2023-05-30,leg,10674,17639,10,0,8,"1,2",True,False,True,5,8,0
2023-05-30,leg,10674,17639,10,0,8,"1,2",True,False,True,6,8,0
2023-05-30,leg,10674,17639,10,0,8,"1,2",True,False,True,7,8,0
2023-05-30,leg,10674,17639,10,0,8,"1,2",True,False,True,8,8,0
2023-05-30,leg,10674,17639,10,0,8,"1,2",True,False,True,9,8,0
2023-05-30,leg,10674,17639,10,0,8,"1,2",True,False,True,10,8,0
2023-05-30,leg,17639,201548,10,0,1,1,True,False,True,1,1,0
2023-05-30,leg,17639,201548,10,0,1,1,True,False,True,2,1,0
2023-05-30,leg,17639,201548,10,0,1,1,True,False,True,3,1,0
2023-05-30,leg,17639,201548,10,0,1,1,True,False,True,4,1,0
2023-05-30,leg,17639,201548,10,0,1,1,True,False,True,5,1,0
2023-05-30,leg,17639,201548,10,0,1,1,True,False,True,6,1,0
2023-05-30,leg,17639,201548,10,0,1,1,True,False,True,7,1,0
2023-05-30,leg,17639,201548,10,0,1,1,True,False,True,8,1,0
2023-05-30,leg,17639,201548,10,0,1,1,True,False,True,9,1,0
2023-05-30,leg,17639,201548,10,0,1,1,True,False,True,10,1,0
2023-05-30,leg,17639,204666,10,0,1,1,True,False,True,1,1,0
2023-05-30,leg,17639,204666,10,0,1,1,True,False,True,2,1,0
2023-05-30,leg,17639,204666,10,0,1,1,True,False,True,3,1,0
2023-05-30,leg,17639,204666,10,0,1,1,True,False,True,4,1,0
2023-05-30,leg,17639,204666,10,0,1,1,True,False,True,5,1,0
2023-05-30,leg,17639,204666,10,0,1,1,True,False,True,6,1,0
2023-05-30,leg,17639,204666,10,0,1,1,True,False,True,7,1,0
2023-05-30,leg,17639,204666,10,0,1,1,True,False,True,8,1,0
2023-05-30,leg,17639,204666,10,0,1,1,True,False,True,9,1,0
2023-05-30,leg,17639,204666,10,0,1,1,True,False,True,10,1,0
2023-05-30,leg,17639,206652,10,0,3,"1,2",True,False,True,1,3,0
2023-05-30,leg,17639,206652,10,0,3,"1,2",True,False,True,2,3,0
2023-05-30,leg,17639,206652,10,0,3,"1,2",True,False,True,3,3,0
2023-05-30,leg,17639,206652,10,0,3,"1,2",True,False,True,4,3,0
2023-05-30,leg,17639,206652,10,0,3,"1,2",True,False,True,5,3,0
2023-05-30,leg,17639,206652,10,0,3,"1,2",True,False,True,6,3,0
2023-05-30,leg,17639,206652,10,0,3,"1,2",True,False,True,7,3,0
2023-05-30,leg,17639,206652,10,0,3,"1,2",True,False,True,8,3,0
2023-05-30,leg,17639,206652,10,0,3,"1,2",True,False,True,9,3,0
2023-05-30,leg,17639,206652,10,0,3,"1,2",True,False,True,10,3,0
2023-05-30,leg,13004,58310,10,0,1,1,True,False,True,1,1,0
2023-05-30,leg,13004,58310,10,0,1,1,True,False,True,2,1,0
2023-05-30,leg,13004,58310,10,0,1,1,True,False,True,3,1,0
2023-05-30,leg,13004,58310,10,0,1,1,True,False,True,4,1,0
2023-05-30,leg,13004,58310,10,0,1,1,True,False,True,5,1,0
2023-05-30,leg,13004,58310,10,0,1,1,True,False,True,6,1,0
2023-05-30,leg,13004,58310,10,0,1,1,True,False,True,7,1,0
2023-05-30,leg,13004,58310,10,0,1,1,True,False,True,8,1,0
2023-05-30,leg,13004,58310,10,0,1,1,True,False,True,9,1,0
2023-05-30,leg,13004,58310,10,0,1,1,True,False,True,10,1,0
2023-05-30,leg,17639,44865,10,0,1,1,True,False,True,1,1,0
2023-05-30,leg,17639,44865,10,0,1,1,True,False,True,2,1,0
2023-05-30,leg,17639,44865,10,0,1,1,True,False,True,3,1,0
2023-05-30,leg,17639,44865,10,0,1,1,True,False,True,4,1,0
2023-05-30,leg,17639,44865,10,0,1,1,True,False,True,5,1,0
2023-05-30,leg,17639,44865,10,0,1,1,True,False,True,6,1,0
2023-05-30,leg,17639,44865,10,0,1,1,True,False,True,7,1,0
2023-05-30,leg,17639,44865,10,0,1,1,True,False,True,8,1,0
2023-05-30,leg,17639,44865,10,0,1,1,True,False,True,9,1,0
2023-05-30,leg,17639,44865,10,0,1,1,True,False,True,10,1,0
2023-05-30,leg,4657,52551,10,0,1,1,True,False,False,1,1,0
2023-05-30,leg,4657,52551,10,0,1,1,True,False,False,2,1,0
2023-05-30,leg,4657,52551,10,0,1,1,True,False,False,3,1,0
2023-05-30,leg,4657,52551,10,0,1,1,True,False,False,4,1,0
2023-05-30,leg,4657,52551,10,0,1,1,True,False,False,5,1,0
2023-05-30,leg,4657,52551,10,0,1,1,True,False,False,6,1,0
2023-05-30,leg,4657,52551,10,0,1,1,True,False,False,7,1,0
2023-05-30,leg,4657,52551,10,0,1,1,True,False,False,8,1,0
2023-05-30,leg,4657,52551,10,0,1,1,True,False,False,9,1,0
2023-05-30,leg,4657,52551,10,0,1,1,True,False,False,10,1,0
2023-05-30,leg,11432,61941,10,0,54,1,True,False,False,1,54,0
2023-05-30,leg,11432,61941,10,0,54,1,True,False,False,2,54,0
2023-05-30,leg,11432,61941,10,0,54,1,True,False,False,3,54,0
2023-05-30,leg,11432,61941,10,0,54,1,True,False,False,4,54,0
2023-05-30,leg,11432,61941,10,0,54,1,True,False,False,5,54,0
2023-05-30,leg,11432,61941,10,0,54,1,True,False,False,6,54,0
2023-05-30,leg,11432,61941,10,0,54,1,True,False,False,7,54,0
2023-05-30,leg,11432,61941,10,0,54,1,True,False,False,8,54,0
2023-05-30,leg,11432,61941,10,0,54,1,True,False,False,9,54,0
2023-05-30,leg,11432,61941,10,0,54,1,True,False,False,10,54,0
2023-05-30,leg,293,395662,10,0,1,1,True,False,True,1,1,0
2023-05-30,leg,293,395662,10,0,1,1,True,False,True,2,1,0
2023-05-30,leg,293,395662,10,0,1,1,True,False,True,3,1,0
2023-05-30,leg,293,395662,10,0,1,1,True,False,True,4,1,0
2023-05-30,leg,293,395662,10,0,1,1,True,False,True,5,1,0
2023-05-30,leg,293,395662,10,0,1,1,True,False,True,6,1,0
2023-05-30,leg,293,395662,10,0,1,1,True,False,True,7,1,0
2023-05-30,leg,293,395662,10,0,1,1,True,False,True,8,1,0
2023-05-30,leg,293,395662,10,0,1,1,True,False,True,9,1,0
2023-05-30,leg,293,395662,10,0,1,1,True,False,True,10,1,0
2023-05-30,leg,17639,43409,10,0,2,"1,2",True,False,True,1,2,0
2023-05-30,leg,17639,43409,10,0,2,"1,2",True,False,True,2,2,0
2023-05-30,leg,17639,43409,10,0,2,"1,2",True,False,True,3,2,0
2023-05-30,leg,17639,43409,10,0,2,"1,2",True,False,True,4,2,0
2023-05-30,leg,17639,43409,10,0,2,"1,2",True,False,True,5,2,0
2023-05-30,leg,17639,43409,10,0,2,"1,2",True,False,True,6,2,0
2023-05-30,leg,17639,43409,10,0,2,"1,2",True,False,True,7,2,0
2023-05-30,leg,17639,43409,10,0,2,"1,2",True,False,True,8,2,0
2023-05-30,leg,17639,43409,10,0,2,"1,2",True,False,True,9,2,0
2023-05-30,leg,17639,43409,10,0,2,"1,2",True,False,True,10,2,0
2023-05-30,leg,293,62904,10,0,1,1,True,False,True,1,1,0
2023-05-30,leg,293,62904,10,0,1,1,True,False,True,2,1,0
2023-05-30,leg,293,62904,10,0,1,1,True,False,True,3,1,0
2023-05-30,leg,293,62904,10,0,1,1,True,False,True,4,1,0
2023-05-30,leg,293,62904,10,0,1,1,True,False,True,5,1,0
2023-05-30,leg,293,62904,10,0,1,1,True,False,True,6,1,0
2023-05-30,leg,293,62904,10,0,1,1,True,False,True,7,1,0
2023-05-30,leg,293,62904,10,0,1,1,True,False,True,8,1,0
2023-05-30,leg,293,62904,10,0,1,1,True,False,True,9,1,0
2023-05-30,leg,293,62904,10,0,1,1,True,False,True,10,1,0
2023-05-30,leg,263151,263950,10,0,29,2,True,False,False,1,29,0
2023-05-30,leg,263151,263950,10,0,29,2,True,False,False,2,29,0
2023-05-30,leg,263151,263950,10,0,29,2,True,False,False,3,29,0
2023-05-30,leg,263151,263950,10,0,29,2,True,False,False,4,29,0
2023-05-30,leg,263151,263950,10,0,29,2,True,False,False,5,29,0
2023-05-30,leg,263151,263950,10,0,29,2,True,False,False,6,29,0
2023-05-30,leg,263151,263950,10,0,29,2,True,False,False,7,29,0
2023-05-30,leg,263151,263950,10,0,29,2,True,False,False,8,29,0
2023-05-30,leg,263151,263950,10,0,29,2,True,False,False,9,29,0
2023-05-30,leg,263151,263950,10,0,29,2,True,False,False,10,29,0
2023-05-30,leg,12389,208955,10,0,52,1,True,False,False,1,52,0
2023-05-30,leg,12389,208955,10,0,52,1,True,False,False,2,52,0
2023-05-30,leg,12389,208955,10,0,52,1,True,False,False,3,52,0
2023-05-30,leg,12389,208955,10,0,52,1,True,False,False,4,52,0
2023-05-30,leg,12389,208955,10,0,52,1,True,False,False,5,52,0
2023-05-30,leg,12389,208955,10,0,52,1,True,False,False,6,52,0
2023-05-30,leg,12389,208955,10,0,52,1,True,False,False,7,52,0
2023-05-30,leg,12389,208955,10,0,52,1,True,False,False,8,52,0
2023-05-30,leg,12389,208955,10,0,52,1,True,False,False,9,52,0
2023-05-30,leg,12389,208955,10,0,52,1,True,False,False,10,52,0
2023-05-30,leg,17639,208844,10,0,1,1,True,False,True,1,1,0
2023-05-30,leg,17639,208844,10,0,1,1,True,False,True,2,1,0
2023-05-30,leg,17639,208844,10,0,1,1,True,False,True,3,1,0
2023-05-30,leg,17639,208844,10,0,1,1,True,False,True,4,1,0
2023-05-30,leg,17639,208844,10,0,1,1,True,False,True,5,1,0
2023-05-30,leg,17639,208844,10,0,1,1,True,False,True,6,1,0
2023-05-30,leg,17639,208844,10,0,1,1,True,False,True,7,1,0
2023-05-30,leg,17639,208844,10,0,1,1,True,False,True,8,1,0
2023-05-30,leg,17639,208844,10,0,1,1,True,False,True,9,1,0
2023-05-30,leg,17639,208844,10,0,1,1,True,False,True,10,1,0
2023-05-30,leg,17639,60563,10,0,1,1,True,False,True,1,1,0
2023-05-30,leg,17639,60563,10,0,1,1,True,False,True,2,1,0
2023-05-30,leg,17639,60563,10,0,1,1,True,False,True,3,1,0
2023-05-30,leg,17639,60563,10,0,1,1,True,False,True,4,1,0
2023-05-30,leg,17639,60563,10,0,1,1,True,False,True,5,1,0
2023-05-30,leg,17639,60563,10,0,1,1,True,False,True,6,1,0
2023-05-30,leg,17639,60563,10,0,1,1,True,False,True,7,1,0
2023-05-30,leg,17639,60563,10,0,1,1,True,False,True,8,1,0
2023-05-30,leg,17639,60563,10,0,1,1,True,False,True,9,1,0
2023-05-30,leg,17639,60563,10,0,1,1,True,False,True,10,1,0
2023-05-30,leg,293,15054,10,0,2,3,True,False,True,1,2,0
2023-05-30,leg,293,15054,10,0,2,3,True,False,True,2,2,0
2023-05-30,leg,293,15054,10,0,2,3,True,False,True,3,2,0
2023-05-30,leg,293,15054,10,0,2,3,True,False,True,4,2,0
2023-05-30,leg,293,15054,10,0,2,3,True,False,True,5,2,0
2023-05-30,leg,293,15054,10,0,2,3,True,False,True,6,2,0
2023-05-30,leg,293,15054,10,0,2,3,True,False,True,7,2,0
2023-05-30,leg,293,15054,10,0,2,3,True,False,True,8,2,0
2023-05-30,leg,293,15054,10,0,2,3,True,False,True,9,2,0
2023-05-30,leg,293,15054,10,0,2,3,True,False,True,10,2,0
2023-05-30,leg,17639,48634,10,0,1,1,True,False,True,1,1,0
2023-05-30,leg,17639,48634,10,0,1,1,True,False,True,2,1,0
2023-05-30,leg,17639,48634,10,0,1,1,True,False,True,3,1,0
2023-05-30,leg,17639,48634,10,0,1,1,True,False,True,4,1,0
2023-05-30,leg,17639,48634,10,0,1,1,True,False,True,5,1,0
2023-05-30,leg,17639,48634,10,0,1,1,True,False,True,6,1,0
2023-05-30,leg,17639,48634,10,0,1,1,True,False,True,7,1,0
2023-05-30,leg,17639,48634,10,0,1,1,True,False,True,8,1,0
2023-05-30,leg,17639,48634,10,0,1,1,True,False,True,9,1,0
2023-05-30,leg,17639,48634,10,0,1,1,True,False,True,10,1,0
2023-05-30,leg,17639,203223,10,0,1,1,True,False,True,1,1,0
2023-05-30,leg,17639,203223,10,0,1,1,True,False,True,2,1,0
2023-05-30,leg,17639,203223,10,0,1,1,True,False,True,3,1,0
2023-05-30,leg,17639,203223,10,0,1,1,True,False,True,4,1,0
2023-05-30,leg,17639,203223,10,0,1,1,True,False,True,5,1,0
2023-05-30,leg,17639,203223,10,0,1,1,True,False,True,6,1,0
2023-05-30,leg,17639,203223,10,0,1,1,True,False,True,7,1,0
2023-05-30,leg,17639,203223,10,0,1,1,True,False,True,8,1,0
2023-05-30,leg,17639,203223,10,0,1,1,True,False,True,9,1,0
2023-05-30,leg,17639,203223,10,0,1,1,True,False,True,10,1,0
2023-05-30,leg,17639,204126,10,0,1,1,True,False,True,1,1,0
2023-05-30,leg,17639,204126,10,0,1,1,True,False,True,2,1,0
2023-05-30,leg,17639,204126,10,0,1,1,True,False,True,3,1,0
2023-05-30,leg,17639,204126,10,0,1,1,True,False,True,4,1,0
2023-05-30,leg,17639,204126,10,0,1,1,True,False,True,5,1,0
2023-05-30,leg,17639,204126,10,0,1,1,True,False,True,6,1,0
2023-05-30,leg,17639,204126,10,0,1,1,True,False,True,7,1,0
2023-05-30,leg,17639,204126,10,0,1,1,True,False,True,8,1,0
2023-05-30,leg,17639,204126,10,0,1,1,True,False,True,9,1,0
2023-05-30,leg,17639,204126,10,0,1,1,True,False,True,10,1,0
2023-05-30,leg,17639,29687,10,0,3,"1,2",True,False,True,1,3,0
2023-05-30,leg,17639,29687,10,0,3,"1,2",True,False,True,2,3,0
2023-05-30,leg,17639,29687,10,0,3,"1,2",True,False,True,3,3,0
2023-05-30,leg,17639,29687,10,0,3,"1,2",True,False,True,4,3,0
2023-05-30,leg,17639,29687,10,0,3,"1,2",True,False,True,5,3,0
2023-05-30,leg,17639,29687,10,0,3,"1,2",True,False,True,6,3,0
2023-05-30,leg,17639,29687,10,0,3,"1,2",True,False,True,7,3,0
2023-05-30,leg,17639,29687,10,0,3,"1,2",True,False,True,8,3,0
2023-05-30,leg,17639,29687,10,0,3,"1,2",True,False,True,9,3,0
2023-05-30,leg,17639,29687,10,0,3,"1,2",True,False,True,10,3,0
2023-05-30,leg,17639,202585,10,0,1,1,True,False,True,1,1,0
2023-05-30,leg,17639,202585,10,0,1,1,True,False,True,2,1,0
2023-05-30,leg,17639,202585,10,0,1,1,True,False,True,3,1,0
2023-05-30,leg,17639,202585,10,0,1,1,True,False,True,4,1,0
2023-05-30,leg,17639,202585,10,0,1,1,True,False,True,5,1,0
2023-05-30,leg,17639,202585,10,0,1,1,True,False,True,6,1,0
2023-05-30,leg,17639,202585,10,0,1,1,True,False,True,7,1,0
2023-05-30,leg,17639,202585,10,0,1,1,True,False,True,8,1,0
2023-05-30,leg,17639,202585,10,0,1,1,True,False,True,9,1,0
2023-05-30,leg,17639,202585,10,0,1,1,True,False,True,10,1,0
2023-05-30,leg,4538,9394,10,0,129,1,True,False,False,1,129,0
2023-05-30,leg,4538,9394,10,0,129,1,True,False,False,2,129,0
2023-05-30,leg,4538,9394,10,0,129,1,True,False,False,3,129,0
2023-05-30,leg,4538,9394,10,0,129,1,True,False,False,4,129,0
2023-05-30,leg,4538,9394,10,0,129,1,True,False,False,5,129,0
2023-05-30,leg,4538,9394,10,0,129,1,True,False,False,6,129,0
2023-05-30,leg,4538,9394,10,0,129,1,True,False,False,7,129,0
2023-05-30,leg,4538,9394,10,0,129,1,True,False,False,8,129,0
2023-05-30,leg,4538,9394,10,0,129,1,True,False,False,9,129,0
2023-05-30,leg,4538,9394,10,0,129,1,True,False,False,10,129,0
2023-05-30,leg,17639,196843,10,0,1,1,True,False,True,1,1,0
2023-05-30,leg,17639,196843,10,0,1,1,True,False,True,2,1,0
2023-05-30,leg,17639,196843,10,0,1,1,True,False,True,3,1,0
2023-05-30,leg,17639,196843,10,0,1,1,True,False,True,4,1,0
2023-05-30,leg,17639,196843,10,0,1,1,True,False,True,5,1,0
2023-05-30,leg,17639,196843,10,0,1,1,True,False,True,6,1,0
2023-05-30,leg,17639,196843,10,0,1,1,True,False,True,7,1,0
2023-05-30,leg,17639,196843,10,0,1,1,True,False,True,8,1,0
2023-05-30,leg,17639,196843,10,0,1,1,True,False,True,9,1,0
2023-05-30,leg,17639,196843,10,0,1,1,True,False,True,10,1,0
2023-05-30,leg,17639,30855,10,0,1,1,True,False,True,1,1,0
2023-05-30,leg,17639,30855,10,0,1,1,True,False,True,2,1,0
2023-05-30,leg,17639,30855,10,0,1,1,True,False,True,3,1,0
2023-05-30,leg,17639,30855,10,0,1,1,True,False,True,4,1,0
2023-05-30,leg,17639,30855,10,0,1,1,True,False,True,5,1,0
2023-05-30,leg,17639,30855,10,0,1,1,True,False,True,6,1,0
2023-05-30,leg,17639,30855,10,0,1,1,True,False,True,7,1,0
2023-05-30,leg,17639,30855,10,0,1,1,True,False,True,8,1,0
2023-05-30,leg,17639,30855,10,0,1,1,True,False,True,9,1,0
2023-05-30,leg,17639,30855,10,0,1,1,True,False,True,10,1,0
2023-05-30,leg,17639,47479,10,0,1,1,True,False,True,1,1,0
2023-05-30,leg,17639,47479,10,0,1,1,True,False,True,2,1,0
2023-05-30,leg,17639,47479,10,0,1,1,True,False,True,3,1,0
2023-05-30,leg,17639,47479,10,0,1,1,True,False,True,4,1,0
2023-05-30,leg,17639,47479,10,0,1,1,True,False,True,5,1,0
2023-05-30,leg,17639,47479,10,0,1,1,True,False,True,6,1,0
2023-05-30,leg,17639,47479,10,0,1,1,True,False,True,7,1,0
2023-05-30,leg,17639,47479,10,0,1,1,True,False,True,8,1,0
2023-05-30,leg,17639,47479,10,0,1,1,True,False,True,9,1,0
2023-05-30,leg,17639,47479,10,0,1,1,True,False,True,10,1,0
2023-05-30,leg,1828,50624,10,0,1,1,True,False,True,1,1,0
2023-05-30,leg,1828,50624,10,0,1,1,True,False,True,2,1,0
2023-05-30,leg,1828,50624,10,0,1,1,True,False,True,3,1,0
2023-05-30,leg,1828,50624,10,0,1,1,True,False,True,4,1,0
2023-05-30,leg,1828,50624,10,0,1,1,True,False,True,5,1,0
2023-05-30,leg,1828,50624,10,0,1,1,True,False,True,6,1,0
2023-05-30,leg,1828,50624,10,0,1,1,True,False,True,7,1,0
2023-05-30,leg,1828,50624,10,0,1,1,True,False,True,8,1,0
2023-05-30,leg,1828,50624,10,0,1,1,True,False,True,9,1,0
2023-05-30,leg,1828,50624,10,0,1,1,True,False,True,10,1,0
2023-05-30,leg,37721,329240,10,0,1,1,True,False,True,1,1,0
2023-05-30,leg,37721,329240,10,0,1,1,True,False,True,2,1,0
2023-05-30,leg,37721,329240,10,0,1,1,True,False,True,3,1,0
2023-05-30,leg,37721,329240,10,0,1,1,True,False,True,4,1,0
2023-05-30,leg,37721,329240,10,0,1,1,True,False,True,5,1,0
2023-05-30,leg,37721,329240,10,0,1,1,True,False,True,6,1,0
2023-05-30,leg,37721,329240,10,0,1,1,True,False,True,7,1,0
2023-05-30,leg,37721,329240,10,0,1,1,True,False,True,8,1,0
2023-05-30,leg,37721,329240,10,0,1,1,True,False,True,9,1,0
2023-05-30,leg,37721,329240,10,0,1,1,True,False,True,10,1,0
2023-05-30,leg,17639,57507,10,0,1,1,True,False,True,1,1,0
2023-05-30,leg,17639,57507,10,0,1,1,True,False,True,2,1,0
2023-05-30,leg,17639,57507,10,0,1,1,True,False,True,3,1,0
2023-05-30,leg,17639,57507,10,0,1,1,True,False,True,4,1,0
2023-05-30,leg,17639,57507,10,0,1,1,True,False,True,5,1,0
2023-05-30,leg,17639,57507,10,0,1,1,True,False,True,6,1,0
2023-05-30,leg,17639,57507,10,0,1,1,True,False,True,7,1,0
2023-05-30,leg,17639,57507,10,0,1,1,True,False,True,8,1,0
2023-05-30,leg,17639,57507,10,0,1,1,True,False,True,9,1,0
2023-05-30,leg,17639,57507,10,0,1,1,True,False,True,10,1,0
2023-05-30,leg,17639,205330,10,0,1,1,True,False,True,1,1,0
2023-05-30,leg,17639,205330,10,0,1,1,True,False,True,2,1,0
2023-05-30,leg,17639,205330,10,0,1,1,True,False,True,3,1,0
2023-05-30,leg,17639,205330,10,0,1,1,True,False,True,4,1,0
2023-05-30,leg,17639,205330,10,0,1,1,True,False,True,5,1,0
2023-05-30,leg,17639,205330,10,0,1,1,True,False,True,6,1,0
2023-05-30,leg,17639,205330,10,0,1,1,True,False,True,7,1,0
2023-05-30,leg,17639,205330,10,0,1,1,True,False,True,8,1,0
2023-05-30,leg,17639,205330,10,0,1,1,True,False,True,9,1,0
2023-05-30,leg,17639,205330,10,0,1,1,True,False,True,10,1,0
2023-05-30,leg,17639,202032,10,0,1,1,True,False,True,1,1,0
2023-05-30,leg,17639,202032,10,0,1,1,True,False,True,2,1,0
2023-05-30,leg,17639,202032,10,0,1,1,True,False,True,3,1,0
2023-05-30,leg,17639,202032,10,0,1,1,True,False,True,4,1,0
2023-05-30,leg,17639,202032,10,0,1,1,True,False,True,5,1,0
2023-05-30,leg,17639,202032,10,0,1,1,True,False,True,6,1,0
2023-05-30,leg,17639,202032,10,0,1,1,True,False,True,7,1,0
2023-05-30,leg,17639,202032,10,0,1,1,True,False,True,8,1,0
2023-05-30,leg,17639,202032,10,0,1,1,True,False,True,9,1,0
2023-05-30,leg,17639,202032,10,0,1,1,True,False,True,10,1,0
2023-05-30,leg,17639,206907,10,0,2,"1,2",True,False,True,1,2,0
2023-05-30,leg,17639,206907,10,0,2,"1,2",True,False,True,2,2,0
2023-05-30,leg,17639,206907,10,0,2,"1,2",True,False,True,3,2,0
2023-05-30,leg,17639,206907,10,0,2,"1,2",True,False,True,4,2,0
2023-05-30,leg,17639,206907,10,0,2,"1,2",True,False,True,5,2,0
2023-05-30,leg,17639,206907,10,0,2,"1,2",True,False,True,6,2,0
2023-05-30,leg,17639,206907,10,0,2,"1,2",True,False,True,7,2,0
2023-05-30,leg,17639,206907,10,0,2,"1,2",True,False,True,8,2,0
2023-05-30,leg,17639,206907,10,0,2,"1,2",True,False,True,9,2,0
2023-05-30,leg,17639,206907,10,0,2,"1,2",True,False,True,10,2,0
2023-05-30,leg,17639,25234,10,0,1,1,True,False,True,1,1,0
2023-05-30,leg,17639,25234,10,0,1,1,True,False,True,2,1,0
2023-05-30,leg,17639,25234,10,0,1,1,True,False,True,3,1,0
2023-05-30,leg,17639,25234,10,0,1,1,True,False,True,4,1,0
2023-05-30,leg,17639,25234,10,0,1,1,True,False,True,5,1,0
2023-05-30,leg,17639,25234,10,0,1,1,True,False,True,6,1,0
2023-05-30,leg,17639,25234,10,0,1,1,True,False,True,7,1,0
2023-05-30,leg,17639,25234,10,0,1,1,True,False,True,8,1,0
2023-05-30,leg,17639,25234,10,0,1,1,True,False,True,9,1,0
2023-05-30,leg,17639,25234,10,0,1,1,True,False,True,10,1,0
2023-05-30,leg,17639,208569,10,0,3,"1,2",True,False,True,1,3,0
2023-05-30,leg,17639,208569,10,0,3,"1,2",True,False,True,2,3,0
2023-05-30,leg,17639,208569,10,0,3,"1,2",True,False,True,3,3,0
2023-05-30,leg,17639,208569,10,0,3,"1,2",True,False,True,4,3,0
2023-05-30,leg,17639,208569,10,0,3,"1,2",True,False,True,5,3,0
2023-05-30,leg,17639,208569,10,0,3,"1,2",True,False,True,6,3,0
2023-05-30,leg,17639,208569,10,0,3,"1,2",True,False,True,7,3,0
2023-05-30,leg,17639,208569,10,0,3,"1,2",True,False,True,8,3,0
2023-05-30,leg,17639,208569,10,0,3,"1,2",True,False,True,9,3,0
2023-05-30,leg,17639,208569,10,0,3,"1,2",True,False,True,10,3,0
2023-05-30,leg,17639,42352,10,0,1,2,True,False,True,1,1,0
2023-05-30,leg,17639,42352,10,0,1,2,True,False,True,2,1,0
2023-05-30,leg,17639,42352,10,0,1,2,True,False,True,3,1,0
2023-05-30,leg,17639,42352,10,0,1,2,True,False,True,4,1,0
2023-05-30,leg,17639,42352,10,0,1,2,True,False,True,5,1,0
2023-05-30,leg,17639,42352,10,0,1,2,True,False,True,6,1,0
2023-05-30,leg,17639,42352,10,0,1,2,True,False,True,7,1,0
2023-05-30,leg,17639,42352,10,0,1,2,True,False,True,8,1,0
2023-05-30,leg,17639,42352,10,0,1,2,True,False,True,9,1,0
2023-05-30,leg,17639,42352,10,0,1,2,True,False,True,10,1,0
2023-05-30,leg,17639,202418,10,0,1,1,True,False,True,1,1,0
2023-05-30,leg,17639,202418,10,0,1,1,True,False,True,2,1,0
2023-05-30,leg,17639,202418,10,0,1,1,True,False,True,3,1,0
2023-05-30,leg,17639,202418,10,0,1,1,True,False,True,4,1,0
2023-05-30,leg,17639,202418,10,0,1,1,True,False,True,5,1,0
2023-05-30,leg,17639,202418,10,0,1,1,True,False,True,6,1,0
2023-05-30,leg,17639,202418,10,0,1,1,True,False,True,7,1,0
2023-05-30,leg,17639,202418,10,0,1,1,True,False,True,8,1,0
2023-05-30,leg,17639,202418,10,0,1,1,True,False,True,9,1,0
2023-05-30,leg,17639,202418,10,0,1,1,True,False,True,10,1,0
2023-05-30,leg,4764,45411,10,0,1,1,True,False,False,1,1,0
2023-05-30,leg,4764,45411,10,0,1,1,True,False,False,2,1,0
2023-05-30,leg,4764,45411,10,0,1,1,True,False,False,3,1,0
2023-05-30,leg,4764,45411,10,0,1,1,True,False,False,4,1,0
2023-05-30,leg,4764,45411,10,0,1,1,True,False,False,5,1,0
2023-05-30,leg,4764,45411,10,0,1,1,True,False,False,6,1,0
2023-05-30,leg,4764,45411,10,0,1,1,True,False,False,7,1,0
2023-05-30,leg,4764,45411,10,0,1,1,True,False,False,8,1,0
2023-05-30,leg,4764,45411,10,0,1,1,True,False,False,9,1,0
2023-05-30,leg,4764,45411,10,0,1,1,True,False,False,10,1,0
2023-05-30,leg,293,7545,10,0,2,"1,2",True,False,True,1,2,0
2023-05-30,leg,293,7545,10,0,2,"1,2",True,False,True,2,2,0
2023-05-30,leg,293,7545,10,0,2,"1,2",True,False,True,3,2,0
2023-05-30,leg,293,7545,10,0,2,"1,2",True,False,True,4,2,0
2023-05-30,leg,293,7545,10,0,2,"1,2",True,False,True,5,2,0
2023-05-30,leg,293,7545,10,0,2,"1,2",True,False,True,6,2,0
2023-05-30,leg,293,7545,10,0,2,"1,2",True,False,True,7,2,0
2023-05-30,leg,293,7545,10,0,2,"1,2",True,False,True,8,2,0
2023-05-30,leg,293,7545,10,0,2,"1,2",True,False,True,9,2,0
2023-05-30,leg,293,7545,10,0,2,"1,2",True,False,True,10,2,0
2023-05-30,leg,17639,205572,10,0,1,1,True,False,True,1,1,0
2023-05-30,leg,17639,205572,10,0,1,1,True,False,True,2,1,0
2023-05-30,leg,17639,205572,10,0,1,1,True,False,True,3,1,0
2023-05-30,leg,17639,205572,10,0,1,1,True,False,True,4,1,0
2023-05-30,leg,17639,205572,10,0,1,1,True,False,True,5,1,0
2023-05-30,leg,17639,205572,10,0,1,1,True,False,True,6,1,0
2023-05-30,leg,17639,205572,10,0,1,1,True,False,True,7,1,0
2023-05-30,leg,17639,205572,10,0,1,1,True,False,True,8,1,0
2023-05-30,leg,17639,205572,10,0,1,1,True,False,True,9,1,0
2023-05-30,leg,17639,205572,10,0,1,1,True,False,True,10,1,0
2023-05-30,leg,39120,57935,10,0,1,1,True,False,True,1,1,0
2023-05-30,leg,39120,57935,10,0,1,1,True,False,True,2,1,0
2023-05-30,leg,39120,57935,10,0,1,1,True,False,True,3,1,0
2023-05-30,leg,39120,57935,10,0,1,1,True,False,True,4,1,0
2023-05-30,leg,39120,57935,10,0,1,1,True,False,True,5,1,0
2023-05-30,leg,39120,57935,10,0,1,1,True,False,True,6,1,0
2023-05-30,leg,39120,57935,10,0,1,1,True,False,True,7,1,0
2023-05-30,leg,39120,57935,10,0,1,1,True,False,True,8,1,0
2023-05-30,leg,39120,57935,10,0,1,1,True,False,True,9,1,0
2023-05-30,leg,39120,57935,10,0,1,1,True,False,True,10,1,0
2023-05-30,leg,40676,270564,10,0,268,1,False,False,False,1,253,15
2023-05-30,leg,40676,270564,10,0,268,1,False,False,False,2,265,3
2023-05-30,leg,40676,270564,10,0,268,1,False,False,False,3,268,0
2023-05-30,leg,40676,270564,10,0,268,1,False,False,False,4,268,0
2023-05-30,leg,40676,270564,10,0,268,1,False,False,False,5,268,0
2023-05-30,leg,40676,270564,10,0,268,1,False,False,False,6,268,0
2023-05-30,leg,40676,270564,10,0,268,1,False,False,False,7,268,0
2023-05-30,leg,40676,270564,10,0,268,1,False,False,False,8,268,0
2023-05-30,leg,40676,270564,10,0,268,1,False,False,False,9,268,0
2023-05-30,leg,40676,270564,10,0,268,1,False,False,False,10,268,0
2023-05-30,leg,13307,17639,10,0,1,2,True,False,True,1,1,0
2023-05-30,leg,13307,17639,10,0,1,2,True,False,True,2,1,0
2023-05-30,leg,13307,17639,10,0,1,2,True,False,True,3,1,0
2023-05-30,leg,13307,17639,10,0,1,2,True,False,True,4,1,0
2023-05-30,leg,13307,17639,10,0,1,2,True,False,True,5,1,0
2023-05-30,leg,13307,17639,10,0,1,2,True,False,True,6,1,0
2023-05-30,leg,13307,17639,10,0,1,2,True,False,True,7,1,0
2023-05-30,leg,13307,17639,10,0,1,2,True,False,True,8,1,0
2023-05-30,leg,13307,17639,10,0,1,2,True,False,True,9,1,0
2023-05-30,leg,13307,17639,10,0,1,2,True,False,True,10,1,0
2023-05-30,leg,16168,17639,10,0,1,1,True,False,True,1,1,0
2023-05-30,leg,16168,17639,10,0,1,1,True,False,True,2,1,0
2023-05-30,leg,16168,17639,10,0,1,1,True,False,True,3,1,0
2023-05-30,leg,16168,17639,10,0,1,1,True,False,True,4,1,0
2023-05-30,leg,16168,17639,10,0,1,1,True,False,True,5,1,0
2023-05-30,leg,16168,17639,10,0,1,1,True,False,True,6,1,0
2023-05-30,leg,16168,17639,10,0,1,1,True,False,True,7,1,0
2023-05-30,leg,16168,17639,10,0,1,1,True,False,True,8,1,0
2023-05-30,leg,16168,17639,10,0,1,1,True,False,True,9,1,0
2023-05-30,leg,16168,17639,10,0,1,1,True,False,True,10,1,0
2023-05-30,leg,17639,202431,10,0,1,1,False,False,True,1,1,0
2023-05-30,leg,17639,202431,10,0,1,1,False,False,True,2,1,0
2023-05-30,leg,17639,202431,10,0,1,1,False,False,True,3,1,0
2023-05-30,leg,17639,202431,10,0,1,1,False,False,True,4,1,0
2023-05-30,leg,17639,202431,10,0,1,1,False,False,True,5,1,0
2023-05-30,leg,17639,202431,10,0,1,1,False,False,True,6,1,0
2023-05-30,leg,17639,202431,10,0,1,1,False,False,True,7,1,0
2023-05-30,leg,17639,202431,10,0,1,1,False,False,True,8,1,0
2023-05-30,leg,17639,202431,10,0,1,1,False,False,True,9,1,0
2023-05-30,leg,17639,202431,10,0,1,1,False,False,True,10,1,0
2023-05-30,leg,50629,266160,10,0,9,"1,2",False,False,True,1,8,1
2023-05-30,leg,50629,266160,10,0,9,"1,2",False,False,True,2,9,0
2023-05-30,leg,50629,266160,10,0,9,"1,2",False,False,True,3,9,0
2023-05-30,leg,50629,266160,10,0,9,"1,2",False,False,True,4,9,0
2023-05-30,leg,50629,266160,10,0,9,"1,2",False,False,True,5,9,0
2023-05-30,leg,50629,266160,10,0,9,"1,2",False,False,True,6,9,0
2023-05-30,leg,50629,266160,10,0,9,"1,2",False,False,True,7,9,0
2023-05-30,leg,50629,266160,10,0,9,"1,2",False,False,True,8,9,0
2023-05-30,leg,50629,266160,10,0,9,"1,2",False,False,True,9,9,0
2023-05-30,leg,50629,266160,10,0,9,"1,2",False,False,True,10,9,0
2023-05-30,leg,17639,197592,10,0,1,1,True,False,True,1,1,0
2023-05-30,leg,17639,197592,10,0,1,1,True,False,True,2,1,0
2023-05-30,leg,17639,197592,10,0,1,1,True,False,True,3,1,0
2023-05-30,leg,17639,197592,10,0,1,1,True,False,True,4,1,0
2023-05-30,leg,17639,197592,10,0,1,1,True,False,True,5,1,0
2023-05-30,leg,17639,197592,10,0,1,1,True,False,True,6,1,0
2023-05-30,leg,17639,197592,10,0,1,1,True,False,True,7,1,0
2023-05-30,leg,17639,197592,10,0,1,1,True,False,True,8,1,0
2023-05-30,leg,17639,197592,10,0,1,1,True,False,True,9,1,0
2023-05-30,leg,17639,197592,10,0,1,1,True,False,True,10,1,0
2023-05-30,leg,17639,39862,10,0,1,1,True,False,True,1,1,0
2023-05-30,leg,17639,39862,10,0,1,1,True,False,True,2,1,0
2023-05-30,leg,17639,39862,10,0,1,1,True,False,True,3,1,0
2023-05-30,leg,17639,39862,10,0,1,1,True,False,True,4,1,0
2023-05-30,leg,17639,39862,10,0,1,1,True,False,True,5,1,0
2023-05-30,leg,17639,39862,10,0,1,1,True,False,True,6,1,0
2023-05-30,leg,17639,39862,10,0,1,1,True,False,True,7,1,0
2023-05-30,leg,17639,39862,10,0,1,1,True,False,True,8,1,0
2023-05-30,leg,17639,39862,10,0,1,1,True,False,True,9,1,0
2023-05-30,leg,17639,39862,10,0,1,1,True,False,True,10,1,0
2023-05-30,leg,17639,205032,10,0,1,1,True,False,True,1,1,0
2023-05-30,leg,17639,205032,10,0,1,1,True,False,True,2,1,0
2023-05-30,leg,17639,205032,10,0,1,1,True,False,True,3,1,0
2023-05-30,leg,17639,205032,10,0,1,1,True,False,True,4,1,0
2023-05-30,leg,17639,205032,10,0,1,1,True,False,True,5,1,0
2023-05-30,leg,17639,205032,10,0,1,1,True,False,True,6,1,0
2023-05-30,leg,17639,205032,10,0,1,1,True,False,True,7,1,0
2023-05-30,leg,17639,205032,10,0,1,1,True,False,True,8,1,0
2023-05-30,leg,17639,205032,10,0,1,1,True,False,True,9,1,0
2023-05-30,leg,17639,205032,10,0,1,1,True,False,True,10,1,0
2023-05-30,leg,17639,31725,10,0,1,1,True,False,True,1,1,0
2023-05-30,leg,17639,31725,10,0,1,1,True,False,True,2,1,0
2023-05-30,leg,17639,31725,10,0,1,1,True,False,True,3,1,0
2023-05-30,leg,17639,31725,10,0,1,1,True,False,True,4,1,0
2023-05-30,leg,17639,31725,10,0,1,1,True,False,True,5,1,0
2023-05-30,leg,17639,31725,10,0,1,1,True,False,True,6,1,0
2023-05-30,leg,17639,31725,10,0,1,1,True,False,True,7,1,0
2023-05-30,leg,17639,31725,10,0,1,1,True,False,True,8,1,0
2023-05-30,leg,17639,31725,10,0,1,1,True,False,True,9,1,0
2023-05-30,leg,17639,31725,10,0,1,1,True,False,True,10,1,0
2023-05-30,leg,293,4826,10,0,45,"1,2,3",True,False,False,1,45,0
2023-05-30,leg,293,4826,10,0,45,"1,2,3",True,False,False,2,45,0
2023-05-30,leg,293,4826,10,0,45,"1,2,3",True,False,False,3,45,0
2023-05-30,leg,293,4826,10,0,45,"1,2,3",True,False,False,4,45,0
2023-05-30,leg,293,4826,10,0,45,"1,2,3",True,False,False,5,45,0
2023-05-30,leg,293,4826,10,0,45,"1,2,3",True,False,False,6,45,0
2023-05-30,leg,293,4826,10,0,45,"1,2,3",True,False,False,7,45,0
2023-05-30,leg,293,4826,10,0,45,"1,2,3",True,False,False,8,45,0
2023-05-30,leg,293,4826,10,0,45,"1,2,3",True,False,False,9,45,0
2023-05-30,leg,293,4826,10,0,45,"1,2,3",True,False,False,10,45,0
2023-05-30,leg,17639,197075,10,0,1,1,True,False,True,1,1,0
2023-05-30,leg,17639,197075,10,0,1,1,True,False,True,2,1,0
2023-05-30,leg,17639,197075,10,0,1,1,True,False,True,3,1,0
2023-05-30,leg,17639,197075,10,0,1,1,True,False,True,4,1,0
2023-05-30,leg,17639,197075,10,0,1,1,True,False,True,5,1,0
2023-05-30,leg,17639,197075,10,0,1,1,True,False,True,6,1,0
2023-05-30,leg,17639,197075,10,0,1,1,True,False,True,7,1,0
2023-05-30,leg,17639,197075,10,0,1,1,True,False,True,8,1,0
2023-05-30,leg,17639,197075,10,0,1,1,True,False,True,9,1,0
2023-05-30,leg,17639,197075,10,0,1,1,True,False,True,10,1,0
2023-05-30,leg,17639,211713,10,0,1,1,True,False,True,1,1,0
2023-05-30,leg,17639,211713,10,0,1,1,True,False,True,2,1,0
2023-05-30,leg,17639,211713,10,0,1,1,True,False,True,3,1,0
2023-05-30,leg,17639,211713,10,0,1,1,True,False,True,4,1,0
2023-05-30,leg,17639,211713,10,0,1,1,True,False,True,5,1,0
2023-05-30,leg,17639,211713,10,0,1,1,True,False,True,6,1,0
2023-05-30,leg,17639,211713,10,0,1,1,True,False,True,7,1,0
2023-05-30,leg,17639,211713,10,0,1,1,True,False,True,8,1,0
2023-05-30,leg,17639,211713,10,0,1,1,True,False,True,9,1,0
2023-05-30,leg,17639,211713,10,0,1,1,True,False,True,10,1,0
2023-05-30,leg,293,137831,10,0,1,2,True,False,True,1,1,0
2023-05-30,leg,293,137831,10,0,1,2,True,False,True,2,1,0
2023-05-30,leg,293,137831,10,0,1,2,True,False,True,3,1,0
2023-05-30,leg,293,137831,10,0,1,2,True,False,True,4,1,0
2023-05-30,leg,293,137831,10,0,1,2,True,False,True,5,1,0
2023-05-30,leg,293,137831,10,0,1,2,True,False,True,6,1,0
2023-05-30,leg,293,137831,10,0,1,2,True,False,True,7,1,0
2023-05-30,leg,293,137831,10,0,1,2,True,False,True,8,1,0
2023-05-30,leg,293,137831,10,0,1,2,True,False,True,9,1,0
2023-05-30,leg,293,137831,10,0,1,2,True,False,True,10,1,0
2023-05-30,leg,7155,212895,10,0,1,1,True,False,False,1,1,0
2023-05-30,leg,7155,212895,10,0,1,1,True,False,False,2,1,0
2023-05-30,leg,7155,212895,10,0,1,1,True,False,False,3,1,0
2023-05-30,leg,7155,212895,10,0,1,1,True,False,False,4,1,0
2023-05-30,leg,7155,212895,10,0,1,1,True,False,False,5,1,0
2023-05-30,leg,7155,212895,10,0,1,1,True,False,False,6,1,0
2023-05-30,leg,7155,212895,10,0,1,1,True,False,False,7,1,0
2023-05-30,leg,7155,212895,10,0,1,1,True,False,False,8,1,0
2023-05-30,leg,7155,212895,10,0,1,1,True,False,False,9,1,0
2023-05-30,leg,7155,212895,10,0,1,1,True,False,False,10,1,0
2023-05-30,leg,17639,264294,10,0,2,"2,3",True,False,True,1,2,0
2023-05-30,leg,17639,264294,10,0,2,"2,3",True,False,True,2,2,0
2023-05-30,leg,17639,264294,10,0,2,"2,3",True,False,True,3,2,0
2023-05-30,leg,17639,264294,10,0,2,"2,3",True,False,True,4,2,0
2023-05-30,leg,17639,264294,10,0,2,"2,3",True,False,True,5,2,0
2023-05-30,leg,17639,264294,10,0,2,"2,3",True,False,True,6,2,0
2023-05-30,leg,17639,264294,10,0,2,"2,3",True,False,True,7,2,0
2023-05-30,leg,17639,264294,10,0,2,"2,3",True,False,True,8,2,0
2023-05-30,leg,17639,264294,10,0,2,"2,3",True,False,True,9,2,0
2023-05-30,leg,17639,264294,10,0,2,"2,3",True,False,True,10,2,0
2023-05-30,leg,17639,42692,10,0,1,1,True,False,True,1,1,0
2023-05-30,leg,17639,42692,10,0,1,1,True,False,True,2,1,0
2023-05-30,leg,17639,42692,10,0,1,1,True,False,True,3,1,0
2023-05-30,leg,17639,42692,10,0,1,1,True,False,True,4,1,0
2023-05-30,leg,17639,42692,10,0,1,1,True,False,True,5,1,0
2023-05-30,leg,17639,42692,10,0,1,1,True,False,True,6,1,0
2023-05-30,leg,17639,42692,10,0,1,1,True,False,True,7,1,0
2023-05-30,leg,17639,42692,10,0,1,1,True,False,True,8,1,0
2023-05-30,leg,17639,42692,10,0,1,1,True,False,True,9,1,0
2023-05-30,leg,17639,42692,10,0,1,1,True,False,True,10,1,0
2023-05-30,leg,17639,60219,10,0,1,1,True,False,True,1,1,0
2023-05-30,leg,17639,60219,10,0,1,1,True,False,True,2,1,0
2023-05-30,leg,17639,60219,10,0,1,1,True,False,True,3,1,0
2023-05-30,leg,17639,60219,10,0,1,1,True,False,True,4,1,0
2023-05-30,leg,17639,60219,10,0,1,1,True,False,True,5,1,0
2023-05-30,leg,17639,60219,10,0,1,1,True,False,True,6,1,0
2023-05-30,leg,17639,60219,10,0,1,1,True,False,True,7,1,0
2023-05-30,leg,17639,60219,10,0,1,1,True,False,True,8,1,0
2023-05-30,leg,17639,60219,10,0,1,1,True,False,True,9,1,0
2023-05-30,leg,17639,60219,10,0,1,1,True,False,True,10,1,0
2023-05-30,leg,263152,270548,10,0,1,2,True,False,True,1,1,0
2023-05-30,leg,263152,270548,10,0,1,2,True,False,True,2,1,0
2023-05-30,leg,263152,270548,10,0,1,2,True,False,True,3,1,0
2023-05-30,leg,263152,270548,10,0,1,2,True,False,True,4,1,0
2023-05-30,leg,263152,270548,10,0,1,2,True,False,True,5,1,0
2023-05-30,leg,263152,270548,10,0,1,2,True,False,True,6,1,0
2023-05-30,leg,263152,270548,10,0,1,2,True,False,True,7,1,0
2023-05-30,leg,263152,270548,10,0,1,2,True,False,True,8,1,0
2023-05-30,leg,263152,270548,10,0,1,2,True,False,True,9,1,0
2023-05-30,leg,263152,270548,10,0,1,2,True,False,True,10,1,0
2023-05-30,leg,17639,48326,10,0,7,"1,2,3",True,False,True,1,7,0
2023-05-30,leg,17639,48326,10,0,7,"1,2,3",True,False,True,2,7,0
2023-05-30,leg,17639,48326,10,0,7,"1,2,3",True,False,True,3,7,0
2023-05-30,leg,17639,48326,10,0,7,"1,2,3",True,False,True,4,7,0
2023-05-30,leg,17639,48326,10,0,7,"1,2,3",True,False,True,5,7,0
2023-05-30,leg,17639,48326,10,0,7,"1,2,3",True,False,True,6,7,0
2023-05-30,leg,17639,48326,10,0,7,"1,2,3",True,False,True,7,7,0
2023-05-30,leg,17639,48326,10,0,7,"1,2,3",True,False,True,8,7,0
2023-05-30,leg,17639,48326,10,0,7,"1,2,3",True,False,True,9,7,0
2023-05-30,leg,17639,48326,10,0,7,"1,2,3",True,False,True,10,7,0
2023-05-30,leg,45650,134995,10,0,133,1,True,False,False,1,133,0
2023-05-30,leg,45650,134995,10,0,133,1,True,False,False,2,133,0
2023-05-30,leg,45650,134995,10,0,133,1,True,False,False,3,133,0
2023-05-30,leg,45650,134995,10,0,133,1,True,False,False,4,133,0
2023-05-30,leg,45650,134995,10,0,133,1,True,False,False,5,133,0
2023-05-30,leg,45650,134995,10,0,133,1,True,False,False,6,133,0
2023-05-30,leg,45650,134995,10,0,133,1,True,False,False,7,133,0
2023-05-30,leg,45650,134995,10,0,133,1,True,False,False,8,133,0
2023-05-30,leg,45650,134995,10,0,133,1,True,False,False,9,133,0
2023-05-30,leg,45650,134995,10,0,133,1,True,False,False,10,133,0
2023-05-30,leg,17639,207489,10,0,1,1,True,False,True,1,1,0
2023-05-30,leg,17639,207489,10,0,1,1,True,False,True,2,1,0
2023-05-30,leg,17639,207489,10,0,1,1,True,False,True,3,1,0
2023-05-30,leg,17639,207489,10,0,1,1,True,False,True,4,1,0
2023-05-30,leg,17639,207489,10,0,1,1,True,False,True,5,1,0
2023-05-30,leg,17639,207489,10,0,1,1,True,False,True,6,1,0
2023-05-30,leg,17639,207489,10,0,1,1,True,False,True,7,1,0
2023-05-30,leg,17639,207489,10,0,1,1,True,False,True,8,1,0
2023-05-30,leg,17639,207489,10,0,1,1,True,False,True,9,1,0
2023-05-30,leg,17639,207489,10,0,1,1,True,False,True,10,1,0
2023-05-30,leg,17639,47917,10,0,1,1,True,False,True,1,1,0
2023-05-30,leg,17639,47917,10,0,1,1,True,False,True,2,1,0
2023-05-30,leg,17639,47917,10,0,1,1,True,False,True,3,1,0
2023-05-30,leg,17639,47917,10,0,1,1,True,False,True,4,1,0
2023-05-30,leg,17639,47917,10,0,1,1,True,False,True,5,1,0
2023-05-30,leg,17639,47917,10,0,1,1,True,False,True,6,1,0
2023-05-30,leg,17639,47917,10,0,1,1,True,False,True,7,1,0
2023-05-30,leg,17639,47917,10,0,1,1,True,False,True,8,1,0
2023-05-30,leg,17639,47917,10,0,1,1,True,False,True,9,1,0
2023-05-30,leg,17639,47917,10,0,1,1,True,False,True,10,1,0
2023-05-30,leg,56665,206446,10,0,1,1,True,False,True,1,1,0
2023-05-30,leg,56665,206446,10,0,1,1,True,False,True,2,1,0
2023-05-30,leg,56665,206446,10,0,1,1,True,False,True,3,1,0
2023-05-30,leg,56665,206446,10,0,1,1,True,False,True,4,1,0
2023-05-30,leg,56665,206446,10,0,1,1,True,False,True,5,1,0
2023-05-30,leg,56665,206446,10,0,1,1,True,False,True,6,1,0
2023-05-30,leg,56665,206446,10,0,1,1,True,False,True,7,1,0
2023-05-30,leg,56665,206446,10,0,1,1,True,False,True,8,1,0
2023-05-30,leg,56665,206446,10,0,1,1,True,False,True,9,1,0
2023-05-30,leg,56665,206446,10,0,1,1,True,False,True,10,1,0
2023-05-30,leg,17639,35795,10,0,1,1,True,False,True,1,1,0
2023-05-30,leg,17639,35795,10,0,1,1,True,False,True,2,1,0
2023-05-30,leg,17639,35795,10,0,1,1,True,False,True,3,1,0
2023-05-30,leg,17639,35795,10,0,1,1,True,False,True,4,1,0
2023-05-30,leg,17639,35795,10,0,1,1,True,False,True,5,1,0
2023-05-30,leg,17639,35795,10,0,1,1,True,False,True,6,1,0
2023-05-30,leg,17639,35795,10,0,1,1,True,False,True,7,1,0
2023-05-30,leg,17639,35795,10,0,1,1,True,False,True,8,1,0
2023-05-30,leg,17639,35795,10,0,1,1,True,False,True,9,1,0
2023-05-30,leg,17639,35795,10,0,1,1,True,False,True,10,1,0
2023-05-30,leg,17639,44017,10,0,1,1,True,False,True,1,1,0
2023-05-30,leg,17639,44017,10,0,1,1,True,False,True,2,1,0
2023-05-30,leg,17639,44017,10,0,1,1,True,False,True,3,1,0
2023-05-30,leg,17639,44017,10,0,1,1,True,False,True,4,1,0
2023-05-30,leg,17639,44017,10,0,1,1,True,False,True,5,1,0
2023-05-30,leg,17639,44017,10,0,1,1,True,False,True,6,1,0
2023-05-30,leg,17639,44017,10,0,1,1,True,False,True,7,1,0
2023-05-30,leg,17639,44017,10,0,1,1,True,False,True,8,1,0
2023-05-30,leg,17639,44017,10,0,1,1,True,False,True,9,1,0
2023-05-30,leg,17639,44017,10,0,1,1,True,False,True,10,1,0
2023-05-30,leg,17639,39587,10,0,1,1,True,False,True,1,1,0
2023-05-30,leg,17639,39587,10,0,1,1,True,False,True,2,1,0
2023-05-30,leg,17639,39587,10,0,1,1,True,False,True,3,1,0
2023-05-30,leg,17639,39587,10,0,1,1,True,False,True,4,1,0
2023-05-30,leg,17639,39587,10,0,1,1,True,False,True,5,1,0
2023-05-30,leg,17639,39587,10,0,1,1,True,False,True,6,1,0
2023-05-30,leg,17639,39587,10,0,1,1,True,False,True,7,1,0
2023-05-30,leg,17639,39587,10,0,1,1,True,False,True,8,1,0
2023-05-30,leg,17639,39587,10,0,1,1,True,False,True,9,1,0
2023-05-30,leg,17639,39587,10,0,1,1,True,False,True,10,1,0
2023-05-30,leg,17639,197667,10,0,1,1,True,False,True,1,1,0
2023-05-30,leg,17639,197667,10,0,1,1,True,False,True,2,1,0
2023-05-30,leg,17639,197667,10,0,1,1,True,False,True,3,1,0
2023-05-30,leg,17639,197667,10,0,1,1,True,False,True,4,1,0
2023-05-30,leg,17639,197667,10,0,1,1,True,False,True,5,1,0
2023-05-30,leg,17639,197667,10,0,1,1,True,False,True,6,1,0
2023-05-30,leg,17639,197667,10,0,1,1,True,False,True,7,1,0
2023-05-30,leg,17639,197667,10,0,1,1,True,False,True,8,1,0
2023-05-30,leg,17639,197667,10,0,1,1,True,False,True,9,1,0
2023-05-30,leg,17639,197667,10,0,1,1,True,False,True,10,1,0
2023-05-30,leg,50324,50629,10,0,1,1,True,False,True,1,1,0
2023-05-30,leg,50324,50629,10,0,1,1,True,False,True,2,1,0
2023-05-30,leg,50324,50629,10,0,1,1,True,False,True,3,1,0
2023-05-30,leg,50324,50629,10,0,1,1,True,False,True,4,1,0
2023-05-30,leg,50324,50629,10,0,1,1,True,False,True,5,1,0
2023-05-30,leg,50324,50629,10,0,1,1,True,False,True,6,1,0
2023-05-30,leg,50324,50629,10,0,1,1,True,False,True,7,1,0
2023-05-30,leg,50324,50629,10,0,1,1,True,False,True,8,1,0
2023-05-30,leg,50324,50629,10,0,1,1,True,False,True,9,1,0
2023-05-30,leg,50324,50629,10,0,1,1,True,False,True,10,1,0
2023-05-30,leg,17639,20833,10,0,1,1,True,False,True,1,1,0
2023-05-30,leg,17639,20833,10,0,1,1,True,False,True,2,1,0
2023-05-30,leg,17639,20833,10,0,1,1,True,False,True,3,1,0
2023-05-30,leg,17639,20833,10,0,1,1,True,False,True,4,1,0
2023-05-30,leg,17639,20833,10,0,1,1,True,False,True,5,1,0
2023-05-30,leg,17639,20833,10,0,1,1,True,False,True,6,1,0
2023-05-30,leg,17639,20833,10,0,1,1,True,False,True,7,1,0
2023-05-30,leg,17639,20833,10,0,1,1,True,False,True,8,1,0
2023-05-30,leg,17639,20833,10,0,1,1,True,False,True,9,1,0
2023-05-30,leg,17639,20833,10,0,1,1,True,False,True,10,1,0
2023-05-30,leg,293,19189,10,0,1,1,True,False,True,1,1,0
2023-05-30,leg,293,19189,10,0,1,1,True,False,True,2,1,0
2023-05-30,leg,293,19189,10,0,1,1,True,False,True,3,1,0
2023-05-30,leg,293,19189,10,0,1,1,True,False,True,4,1,0
2023-05-30,leg,293,19189,10,0,1,1,True,False,True,5,1,0
2023-05-30,leg,293,19189,10,0,1,1,True,False,True,6,1,0
2023-05-30,leg,293,19189,10,0,1,1,True,False,True,7,1,0
2023-05-30,leg,293,19189,10,0,1,1,True,False,True,8,1,0
2023-05-30,leg,293,19189,10,0,1,1,True,False,True,9,1,0
2023-05-30,leg,293,19189,10,0,1,1,True,False,True,10,1,0
2023-05-30,leg,17639,60497,10,0,1,1,True,False,True,1,1,0
2023-05-30,leg,17639,60497,10,0,1,1,True,False,True,2,1,0
2023-05-30,leg,17639,60497,10,0,1,1,True,False,True,3,1,0
2023-05-30,leg,17639,60497,10,0,1,1,True,False,True,4,1,0
2023-05-30,leg,17639,60497,10,0,1,1,True,False,True,5,1,0
2023-05-30,leg,17639,60497,10,0,1,1,True,False,True,6,1,0
2023-05-30,leg,17639,60497,10,0,1,1,True,False,True,7,1,0
2023-05-30,leg,17639,60497,10,0,1,1,True,False,True,8,1,0
2023-05-30,leg,17639,60497,10,0,1,1,True,False,True,9,1,0
2023-05-30,leg,17639,60497,10,0,1,1,True,False,True,10,1,0
2023-05-30,leg,3758,133470,10,0,328,1,True,False,False,1,328,0
2023-05-30,leg,3758,133470,10,0,328,1,True,False,False,2,328,0
2023-05-30,leg,3758,133470,10,0,328,1,True,False,False,3,328,0
2023-05-30,leg,3758,133470,10,0,328,1,True,False,False,4,328,0
2023-05-30,leg,3758,133470,10,0,328,1,True,False,False,5,328,0
2023-05-30,leg,3758,133470,10,0,328,1,True,False,False,6,328,0
2023-05-30,leg,3758,133470,10,0,328,1,True,False,False,7,328,0
2023-05-30,leg,3758,133470,10,0,328,1,True,False,False,8,328,0
2023-05-30,leg,3758,133470,10,0,328,1,True,False,False,9,328,0
2023-05-30,leg,3758,133470,10,0,328,1,True,False,False,10,328,0
2023-05-30,leg,1828,206446,10,0,1,1,True,False,True,1,1,0
2023-05-30,leg,1828,206446,10,0,1,1,True,False,True,2,1,0
2023-05-30,leg,1828,206446,10,0,1,1,True,False,True,3,1,0
2023-05-30,leg,1828,206446,10,0,1,1,True,False,True,4,1,0
2023-05-30,leg,1828,206446,10,0,1,1,True,False,True,5,1,0
2023-05-30,leg,1828,206446,10,0,1,1,True,False,True,6,1,0
2023-05-30,leg,1828,206446,10,0,1,1,True,False,True,7,1,0
2023-05-30,leg,1828,206446,10,0,1,1,True,False,True,8,1,0
2023-05-30,leg,1828,206446,10,0,1,1,True,False,True,9,1,0
2023-05-30,leg,1828,206446,10,0,1,1,True,False,True,10,1,0
2023-05-30,leg,50384,206810,10,0,33,"2,3",True,False,False,1,33,0
2023-05-30,leg,50384,206810,10,0,33,"2,3",True,False,False,2,33,0
2023-05-30,leg,50384,206810,10,0,33,"2,3",True,False,False,3,33,0
2023-05-30,leg,50384,206810,10,0,33,"2,3",True,False,False,4,33,0
2023-05-30,leg,50384,206810,10,0,33,"2,3",True,False,False,5,33,0
2023-05-30,leg,50384,206810,10,0,33,"2,3",True,False,False,6,33,0
2023-05-30,leg,50384,206810,10,0,33,"2,3",True,False,False,7,33,0
2023-05-30,leg,50384,206810,10,0,33,"2,3",True,False,False,8,33,0
2023-05-30,leg,50384,206810,10,0,33,"2,3",True,False,False,9,33,0
2023-05-30,leg,50384,206810,10,0,33,"2,3",True,False,False,10,33,0
2023-05-30,leg,12895,17639,10,0,2,"1,2",True,False,True,1,2,0
2023-05-30,leg,12895,17639,10,0,2,"1,2",True,False,True,2,2,0
2023-05-30,leg,12895,17639,10,0,2,"1,2",True,False,True,3,2,0
2023-05-30,leg,12895,17639,10,0,2,"1,2",True,False,True,4,2,0
2023-05-30,leg,12895,17639,10,0,2,"1,2",True,False,True,5,2,0
2023-05-30,leg,12895,17639,10,0,2,"1,2",True,False,True,6,2,0
2023-05-30,leg,12895,17639,10,0,2,"1,2",True,False,True,7,2,0
2023-05-30,leg,12895,17639,10,0,2,"1,2",True,False,True,8,2,0
2023-05-30,leg,12895,17639,10,0,2,"1,2",True,False,True,9,2,0
2023-05-30,leg,12895,17639,10,0,2,"1,2",True,False,True,10,2,0
2023-05-30,leg,16265,266143,10,0,1,2,True,False,False,1,1,0
2023-05-30,leg,16265,266143,10,0,1,2,True,False,False,2,1,0
2023-05-30,leg,16265,266143,10,0,1,2,True,False,False,3,1,0
2023-05-30,leg,16265,266143,10,0,1,2,True,False,False,4,1,0
2023-05-30,leg,16265,266143,10,0,1,2,True,False,False,5,1,0
2023-05-30,leg,16265,266143,10,0,1,2,True,False,False,6,1,0
2023-05-30,leg,16265,266143,10,0,1,2,True,False,False,7,1,0
2023-05-30,leg,16265,266143,10,0,1,2,True,False,False,8,1,0
2023-05-30,leg,16265,266143,10,0,1,2,True,False,False,9,1,0
2023-05-30,leg,16265,266143,10,0,1,2,True,False,False,10,1,0
2023-05-30,leg,17639,44668,10,0,1,2,True,False,True,1,1,0
2023-05-30,leg,17639,44668,10,0,1,2,True,False,True,2,1,0
2023-05-30,leg,17639,44668,10,0,1,2,True,False,True,3,1,0
2023-05-30,leg,17639,44668,10,0,1,2,True,False,True,4,1,0
2023-05-30,leg,17639,44668,10,0,1,2,True,False,True,5,1,0
2023-05-30,leg,17639,44668,10,0,1,2,True,False,True,6,1,0
2023-05-30,leg,17639,44668,10,0,1,2,True,False,True,7,1,0
2023-05-30,leg,17639,44668,10,0,1,2,True,False,True,8,1,0
2023-05-30,leg,17639,44668,10,0,1,2,True,False,True,9,1,0
2023-05-30,leg,17639,44668,10,0,1,2,True,False,True,10,1,0
2023-05-30,leg,17639,28309,10,0,2,2,True,False,True,1,2,0
2023-05-30,leg,17639,28309,10,0,2,2,True,False,True,2,2,0
2023-05-30,leg,17639,28309,10,0,2,2,True,False,True,3,2,0
2023-05-30,leg,17639,28309,10,0,2,2,True,False,True,4,2,0
2023-05-30,leg,17639,28309,10,0,2,2,True,False,True,5,2,0
2023-05-30,leg,17639,28309,10,0,2,2,True,False,True,6,2,0
2023-05-30,leg,17639,28309,10,0,2,2,True,False,True,7,2,0
2023-05-30,leg,17639,28309,10,0,2,2,True,False,True,8,2,0
2023-05-30,leg,17639,28309,10,0,2,2,True,False,True,9,2,0
2023-05-30,leg,17639,28309,10,0,2,2,True,False,True,10,2,0
2023-05-30,leg,293,23367,10,0,3,"1,2",True,False,True,1,3,0
2023-05-30,leg,293,23367,10,0,3,"1,2",True,False,True,2,3,0
2023-05-30,leg,293,23367,10,0,3,"1,2",True,False,True,3,3,0
2023-05-30,leg,293,23367,10,0,3,"1,2",True,False,True,4,3,0
2023-05-30,leg,293,23367,10,0,3,"1,2",True,False,True,5,3,0
2023-05-30,leg,293,23367,10,0,3,"1,2",True,False,True,6,3,0
2023-05-30,leg,293,23367,10,0,3,"1,2",True,False,True,7,3,0
2023-05-30,leg,293,23367,10,0,3,"1,2",True,False,True,8,3,0
2023-05-30,leg,293,23367,10,0,3,"1,2",True,False,True,9,3,0
2023-05-30,leg,293,23367,10,0,3,"1,2",True,False,True,10,3,0
2023-05-30,leg,28260,50629,10,0,65,"1,2,3,4,5",True,False,True,1,64,1
2023-05-30,leg,28260,50629,10,0,65,"1,2,3,4,5",True,False,True,2,64,1
2023-05-30,leg,28260,50629,10,0,65,"1,2,3,4,5",True,False,True,3,64,1
2023-05-30,leg,28260,50629,10,0,65,"1,2,3,4,5",True,False,True,4,64,1
2023-05-30,leg,28260,50629,10,0,65,"1,2,3,4,5",True,False,True,5,64,1
2023-05-30,leg,28260,50629,10,0,65,"1,2,3,4,5",True,False,True,6,64,1
2023-05-30,leg,28260,50629,10,0,65,"1,2,3,4,5",True,False,True,7,64,1
2023-05-30,leg,28260,50629,10,0,65,"1,2,3,4,5",True,False,True,8,64,1
2023-05-30,leg,28260,50629,10,0,65,"1,2,3,4,5",True,False,True,9,64,1
2023-05-30,leg,28260,50629,10,0,65,"1,2,3,4,5",True,False,True,10,64,1
2023-05-30,leg,17639,41491,10,0,2,"1,2",True,False,True,1,2,0
2023-05-30,leg,17639,41491,10,0,2,"1,2",True,False,True,2,2,0
2023-05-30,leg,17639,41491,10,0,2,"1,2",True,False,True,3,2,0
2023-05-30,leg,17639,41491,10,0,2,"1,2",True,False,True,4,2,0
2023-05-30,leg,17639,41491,10,0,2,"1,2",True,False,True,5,2,0
2023-05-30,leg,17639,41491,10,0,2,"1,2",True,False,True,6,2,0
2023-05-30,leg,17639,41491,10,0,2,"1,2",True,False,True,7,2,0
2023-05-30,leg,17639,41491,10,0,2,"1,2",True,False,True,8,2,0
2023-05-30,leg,17639,41491,10,0,2,"1,2",True,False,True,9,2,0
2023-05-30,leg,17639,41491,10,0,2,"1,2",True,False,True,10,2,0
2023-05-30,leg,9583,17451,10,0,3,2,True,False,False,1,3,0
2023-05-30,leg,9583,17451,10,0,3,2,True,False,False,2,3,0
2023-05-30,leg,9583,17451,10,0,3,2,True,False,False,3,3,0
2023-05-30,leg,9583,17451,10,0,3,2,True,False,False,4,3,0
2023-05-30,leg,9583,17451,10,0,3,2,True,False,False,5,3,0
2023-05-30,leg,9583,17451,10,0,3,2,True,False,False,6,3,0
2023-05-30,leg,9583,17451,10,0,3,2,True,False,False,7,3,0
2023-05-30,leg,9583,17451,10,0,3,2,True,False,False,8,3,0
2023-05-30,leg,9583,17451,10,0,3,2,True,False,False,9,3,0
2023-05-30,leg,9583,17451,10,0,3,2,True,False,False,10,3,0
2023-05-30,leg,17639,43068,10,0,1,1,True,False,True,1,1,0
2023-05-30,leg,17639,43068,10,0,1,1,True,False,True,2,1,0
2023-05-30,leg,17639,43068,10,0,1,1,True,False,True,3,1,0
2023-05-30,leg,17639,43068,10,0,1,1,True,False,True,4,1,0
2023-05-30,leg,17639,43068,10,0,1,1,True,False,True,5,1,0
2023-05-30,leg,17639,43068,10,0,1,1,True,False,True,6,1,0
2023-05-30,leg,17639,43068,10,0,1,1,True,False,True,7,1,0
2023-05-30,leg,17639,43068,10,0,1,1,True,False,True,8,1,0
2023-05-30,leg,17639,43068,10,0,1,1,True,False,True,9,1,0
2023-05-30,leg,17639,43068,10,0,1,1,True,False,True,10,1,0
2023-05-30,leg,17639,48172,10,0,1,1,True,False,True,1,1,0
2023-05-30,leg,17639,48172,10,0,1,1,True,False,True,2,1,0
2023-05-30,leg,17639,48172,10,0,1,1,True,False,True,3,1,0
2023-05-30,leg,17639,48172,10,0,1,1,True,False,True,4,1,0
2023-05-30,leg,17639,48172,10,0,1,1,True,False,True,5,1,0
2023-05-30,leg,17639,48172,10,0,1,1,True,False,True,6,1,0
2023-05-30,leg,17639,48172,10,0,1,1,True,False,True,7,1,0
2023-05-30,leg,17639,48172,10,0,1,1,True,False,True,8,1,0
2023-05-30,leg,17639,48172,10,0,1,1,True,False,True,9,1,0
2023-05-30,leg,17639,48172,10,0,1,1,True,False,True,10,1,0
2023-05-30,leg,17639,48846,10,0,1,1,True,False,True,1,1,0
2023-05-30,leg,17639,48846,10,0,1,1,True,False,True,2,1,0
2023-05-30,leg,17639,48846,10,0,1,1,True,False,True,3,1,0
2023-05-30,leg,17639,48846,10,0,1,1,True,False,True,4,1,0
2023-05-30,leg,17639,48846,10,0,1,1,True,False,True,5,1,0
2023-05-30,leg,17639,48846,10,0,1,1,True,False,True,6,1,0
2023-05-30,leg,17639,48846,10,0,1,1,True,False,True,7,1,0
2023-05-30,leg,17639,48846,10,0,1,1,True,False,True,8,1,0
2023-05-30,leg,17639,48846,10,0,1,1,True,False,True,9,1,0
2023-05-30,leg,17639,48846,10,0,1,1,True,False,True,10,1,0
2023-05-30,leg,24482,393577,10,0,1,1,True,False,False,1,1,0
2023-05-30,leg,24482,393577,10,0,1,1,True,False,False,2,1,0
2023-05-30,leg,24482,393577,10,0,1,1,True,False,False,3,1,0
2023-05-30,leg,24482,393577,10,0,1,1,True,False,False,4,1,0
2023-05-30,leg,24482,393577,10,0,1,1,True,False,False,5,1,0
2023-05-30,leg,24482,393577,10,0,1,1,True,False,False,6,1,0
2023-05-30,leg,24482,393577,10,0,1,1,True,False,False,7,1,0
2023-05-30,leg,24482,393577,10,0,1,1,True,False,False,8,1,0
2023-05-30,leg,24482,393577,10,0,1,1,True,False,False,9,1,0
2023-05-30,leg,24482,393577,10,0,1,1,True,False,False,10,1,0
2023-05-30,leg,35280,206446,10,0,2,1,True,False,False,1,2,0
2023-05-30,leg,35280,206446,10,0,2,1,True,False,False,2,2,0
2023-05-30,leg,35280,206446,10,0,2,1,True,False,False,3,2,0
2023-05-30,leg,35280,206446,10,0,2,1,True,False,False,4,2,0
2023-05-30,leg,35280,206446,10,0,2,1,True,False,False,5,2,0
2023-05-30,leg,35280,206446,10,0,2,1,True,False,False,6,2,0
2023-05-30,leg,35280,206446,10,0,2,1,True,False,False,7,2,0
2023-05-30,leg,35280,206446,10,0,2,1,True,False,False,8,2,0
2023-05-30,leg,35280,206446,10,0,2,1,True,False,False,9,2,0
2023-05-30,leg,35280,206446,10,0,2,1,True,False,False,10,2,0
2023-05-30,leg,17639,204482,10,0,1,1,True,False,True,1,1,0
2023-05-30,leg,17639,204482,10,0,1,1,True,False,True,2,1,0
2023-05-30,leg,17639,204482,10,0,1,1,True,False,True,3,1,0
2023-05-30,leg,17639,204482,10,0,1,1,True,False,True,4,1,0
2023-05-30,leg,17639,204482,10,0,1,1,True,False,True,5,1,0
2023-05-30,leg,17639,204482,10,0,1,1,True,False,True,6,1,0
2023-05-30,leg,17639,204482,10,0,1,1,True,False,True,7,1,0
2023-05-30,leg,17639,204482,10,0,1,1,True,False,True,8,1,0
2023-05-30,leg,17639,204482,10,0,1,1,True,False,True,9,1,0
2023-05-30,leg,17639,204482,10,0,1,1,True,False,True,10,1,0
2023-05-30,leg,17639,48702,10,0,1,1,True,False,True,1,1,0
2023-05-30,leg,17639,48702,10,0,1,1,True,False,True,2,1,0
2023-05-30,leg,17639,48702,10,0,1,1,True,False,True,3,1,0
2023-05-30,leg,17639,48702,10,0,1,1,True,False,True,4,1,0
2023-05-30,leg,17639,48702,10,0,1,1,True,False,True,5,1,0
2023-05-30,leg,17639,48702,10,0,1,1,True,False,True,6,1,0
2023-05-30,leg,17639,48702,10,0,1,1,True,False,True,7,1,0
2023-05-30,leg,17639,48702,10,0,1,1,True,False,True,8,1,0
2023-05-30,leg,17639,48702,10,0,1,1,True,False,True,9,1,0
2023-05-30,leg,17639,48702,10,0,1,1,True,False,True,10,1,0
2023-05-30,leg,17639,197019,10,0,1,1,True,False,True,1,1,0
2023-05-30,leg,17639,197019,10,0,1,1,True,False,True,2,1,0
2023-05-30,leg,17639,197019,10,0,1,1,True,False,True,3,1,0
2023-05-30,leg,17639,197019,10,0,1,1,True,False,True,4,1,0
2023-05-30,leg,17639,197019,10,0,1,1,True,False,True,5,1,0
2023-05-30,leg,17639,197019,10,0,1,1,True,False,True,6,1,0
2023-05-30,leg,17639,197019,10,0,1,1,True,False,True,7,1,0
2023-05-30,leg,17639,197019,10,0,1,1,True,False,True,8,1,0
2023-05-30,leg,17639,197019,10,0,1,1,True,False,True,9,1,0
2023-05-30,leg,17639,197019,10,0,1,1,True,False,True,10,1,0
2023-05-30,leg,17639,203929,10,0,3,"1,2",True,False,True,1,3,0
2023-05-30,leg,17639,203929,10,0,3,"1,2",True,False,True,2,3,0
2023-05-30,leg,17639,203929,10,0,3,"1,2",True,False,True,3,3,0
2023-05-30,leg,17639,203929,10,0,3,"1,2",True,False,True,4,3,0
2023-05-30,leg,17639,203929,10,0,3,"1,2",True,False,True,5,3,0
2023-05-30,leg,17639,203929,10,0,3,"1,2",True,False,True,6,3,0
2023-05-30,leg,17639,203929,10,0,3,"1,2",True,False,True,7,3,0
2023-05-30,leg,17639,203929,10,0,3,"1,2",True,False,True,8,3,0
2023-05-30,leg,17639,203929,10,0,3,"1,2",True,False,True,9,3,0
2023-05-30,leg,17639,203929,10,0,3,"1,2",True,False,True,10,3,0
2023-05-30,leg,17639,39927,10,0,1,1,True,False,True,1,1,0
2023-05-30,leg,17639,39927,10,0,1,1,True,False,True,2,1,0
2023-05-30,leg,17639,39927,10,0,1,1,True,False,True,3,1,0
2023-05-30,leg,17639,39927,10,0,1,1,True,False,True,4,1,0
2023-05-30,leg,17639,39927,10,0,1,1,True,False,True,5,1,0
2023-05-30,leg,17639,39927,10,0,1,1,True,False,True,6,1,0
2023-05-30,leg,17639,39927,10,0,1,1,True,False,True,7,1,0
2023-05-30,leg,17639,39927,10,0,1,1,True,False,True,8,1,0
2023-05-30,leg,17639,39927,10,0,1,1,True,False,True,9,1,0
2023-05-30,leg,17639,39927,10,0,1,1,True,False,True,10,1,0
2023-05-30,leg,25645,399060,10,0,140,1,True,False,False,1,140,0
2023-05-30,leg,25645,399060,10,0,140,1,True,False,False,2,140,0
2023-05-30,leg,25645,399060,10,0,140,1,True,False,False,3,140,0
2023-05-30,leg,25645,399060,10,0,140,1,True,False,False,4,140,0
2023-05-30,leg,25645,399060,10,0,140,1,True,False,False,5,140,0
2023-05-30,leg,25645,399060,10,0,140,1,True,False,False,6,140,0
2023-05-30,leg,25645,399060,10,0,140,1,True,False,False,7,140,0
2023-05-30,leg,25645,399060,10,0,140,1,True,False,False,8,140,0
2023-05-30,leg,25645,399060,10,0,140,1,True,False,False,9,140,0
2023-05-30,leg,25645,399060,10,0,140,1,True,False,False,10,140,0
2023-05-30,leg,17639,24880,10,0,1,1,True,False,True,1,1,0
2023-05-30,leg,17639,24880,10,0,1,1,True,False,True,2,1,0
2023-05-30,leg,17639,24880,10,0,1,1,True,False,True,3,1,0
2023-05-30,leg,17639,24880,10,0,1,1,True,False,True,4,1,0
2023-05-30,leg,17639,24880,10,0,1,1,True,False,True,5,1,0
2023-05-30,leg,17639,24880,10,0,1,1,True,False,True,6,1,0
2023-05-30,leg,17639,24880,10,0,1,1,True,False,True,7,1,0
2023-05-30,leg,17639,24880,10,0,1,1,True,False,True,8,1,0
2023-05-30,leg,17639,24880,10,0,1,1,True,False,True,9,1,0
2023-05-30,leg,17639,24880,10,0,1,1,True,False,True,10,1,0
2023-05-30,leg,17639,60572,10,0,1,1,True,False,True,1,1,0
2023-05-30,leg,17639,60572,10,0,1,1,True,False,True,2,1,0
2023-05-30,leg,17639,60572,10,0,1,1,True,False,True,3,1,0
2023-05-30,leg,17639,60572,10,0,1,1,True,False,True,4,1,0
2023-05-30,leg,17639,60572,10,0,1,1,True,False,True,5,1,0
2023-05-30,leg,17639,60572,10,0,1,1,True,False,True,6,1,0
2023-05-30,leg,17639,60572,10,0,1,1,True,False,True,7,1,0
2023-05-30,leg,17639,60572,10,0,1,1,True,False,True,8,1,0
2023-05-30,leg,17639,60572,10,0,1,1,True,False,True,9,1,0
2023-05-30,leg,17639,60572,10,0,1,1,True,False,True,10,1,0
2023-05-30,leg,12779,206446,10,0,1,1,True,False,True,1,1,0
2023-05-30,leg,12779,206446,10,0,1,1,True,False,True,2,1,0
2023-05-30,leg,12779,206446,10,0,1,1,True,False,True,3,1,0
2023-05-30,leg,12779,206446,10,0,1,1,True,False,True,4,1,0
2023-05-30,leg,12779,206446,10,0,1,1,True,False,True,5,1,0
2023-05-30,leg,12779,206446,10,0,1,1,True,False,True,6,1,0
2023-05-30,leg,12779,206446,10,0,1,1,True,False,True,7,1,0
2023-05-30,leg,12779,206446,10,0,1,1,True,False,True,8,1,0
2023-05-30,leg,12779,206446,10,0,1,1,True,False,True,9,1,0
2023-05-30,leg,12779,206446,10,0,1,1,True,False,True,10,1,0
2023-05-30,leg,17639,35353,10,0,1,1,True,False,True,1,1,0
2023-05-30,leg,17639,35353,10,0,1,1,True,False,True,2,1,0
2023-05-30,leg,17639,35353,10,0,1,1,True,False,True,3,1,0
2023-05-30,leg,17639,35353,10,0,1,1,True,False,True,4,1,0
2023-05-30,leg,17639,35353,10,0,1,1,True,False,True,5,1,0
2023-05-30,leg,17639,35353,10,0,1,1,True,False,True,6,1,0
2023-05-30,leg,17639,35353,10,0,1,1,True,False,True,7,1,0
2023-05-30,leg,17639,35353,10,0,1,1,True,False,True,8,1,0
2023-05-30,leg,17639,35353,10,0,1,1,True,False,True,9,1,0
2023-05-30,leg,17639,35353,10,0,1,1,True,False,True,10,1,0
2023-05-30,leg,17639,41360,10,0,4,"1,2",True,False,True,1,4,0
2023-05-30,leg,17639,41360,10,0,4,"1,2",True,False,True,2,4,0
2023-05-30,leg,17639,41360,10,0,4,"1,2",True,False,True,3,4,0
2023-05-30,leg,17639,41360,10,0,4,"1,2",True,False,True,4,4,0
2023-05-30,leg,17639,41360,10,0,4,"1,2",True,False,True,5,4,0
2023-05-30,leg,17639,41360,10,0,4,"1,2",True,False,True,6,4,0
2023-05-30,leg,17639,41360,10,0,4,"1,2",True,False,True,7,4,0
2023-05-30,leg,17639,41360,10,0,4,"1,2",True,False,True,8,4,0
2023-05-30,leg,17639,41360,10,0,4,"1,2",True,False,True,9,4,0
2023-05-30,leg,17639,41360,10,0,4,"1,2",True,False,True,10,4,0
2023-05-30,leg,9505,138886,10,0,1,1,True,False,False,1,1,0
2023-05-30,leg,9505,138886,10,0,1,1,True,False,False,2,1,0
2023-05-30,leg,9505,138886,10,0,1,1,True,False,False,3,1,0
2023-05-30,leg,9505,138886,10,0,1,1,True,False,False,4,1,0
2023-05-30,leg,9505,138886,10,0,1,1,True,False,False,5,1,0
2023-05-30,leg,9505,138886,10,0,1,1,True,False,False,6,1,0
2023-05-30,leg,9505,138886,10,0,1,1,True,False,False,7,1,0
2023-05-30,leg,9505,138886,10,0,1,1,True,False,False,8,1,0
2023-05-30,leg,9505,138886,10,0,1,1,True,False,False,9,1,0
2023-05-30,leg,9505,138886,10,0,1,1,True,False,False,10,1,0
2023-05-30,leg,17639,197405,10,0,1,1,True,False,True,1,1,0
2023-05-30,leg,17639,197405,10,0,1,1,True,False,True,2,1,0
2023-05-30,leg,17639,197405,10,0,1,1,True,False,True,3,1,0
2023-05-30,leg,17639,197405,10,0,1,1,True,False,True,4,1,0
2023-05-30,leg,17639,197405,10,0,1,1,True,False,True,5,1,0
2023-05-30,leg,17639,197405,10,0,1,1,True,False,True,6,1,0
2023-05-30,leg,17639,197405,10,0,1,1,True,False,True,7,1,0
2023-05-30,leg,17639,197405,10,0,1,1,True,False,True,8,1,0
2023-05-30,leg,17639,197405,10,0,1,1,True,False,True,9,1,0
2023-05-30,leg,17639,197405,10,0,1,1,True,False,True,10,1,0
2023-05-30,leg,5603,41313,10,0,4,4,True,False,False,1,4,0
2023-05-30,leg,5603,41313,10,0,4,4,True,False,False,2,4,0
2023-05-30,leg,5603,41313,10,0,4,4,True,False,False,3,4,0
2023-05-30,leg,5603,41313,10,0,4,4,True,False,False,4,4,0
2023-05-30,leg,5603,41313,10,0,4,4,True,False,False,5,4,0
2023-05-30,leg,5603,41313,10,0,4,4,True,False,False,6,4,0
2023-05-30,leg,5603,41313,10,0,4,4,True,False,False,7,4,0
2023-05-30,leg,5603,41313,10,0,4,4,True,False,False,8,4,0
2023-05-30,leg,5603,41313,10,0,4,4,True,False,False,9,4,0
2023-05-30,leg,5603,41313,10,0,4,4,True,False,False,10,4,0
2023-05-30,leg,17639,30779,10,0,2,"1,2",True,False,True,1,2,0
2023-05-30,leg,17639,30779,10,0,2,"1,2",True,False,True,2,2,0
2023-05-30,leg,17639,30779,10,0,2,"1,2",True,False,True,3,2,0
2023-05-30,leg,17639,30779,10,0,2,"1,2",True,False,True,4,2,0
2023-05-30,leg,17639,30779,10,0,2,"1,2",True,False,True,5,2,0
2023-05-30,leg,17639,30779,10,0,2,"1,2",True,False,True,6,2,0
2023-05-30,leg,17639,30779,10,0,2,"1,2",True,False,True,7,2,0
2023-05-30,leg,17639,30779,10,0,2,"1,2",True,False,True,8,2,0
2023-05-30,leg,17639,30779,10,0,2,"1,2",True,False,True,9,2,0
2023-05-30,leg,17639,30779,10,0,2,"1,2",True,False,True,10,2,0
2023-05-30,leg,8928,47195,10,0,1,1,True,False,False,1,1,0
2023-05-30,leg,8928,47195,10,0,1,1,True,False,False,2,1,0
2023-05-30,leg,8928,47195,10,0,1,1,True,False,False,3,1,0
2023-05-30,leg,8928,47195,10,0,1,1,True,False,False,4,1,0
2023-05-30,leg,8928,47195,10,0,1,1,True,False,False,5,1,0
2023-05-30,leg,8928,47195,10,0,1,1,True,False,False,6,1,0
2023-05-30,leg,8928,47195,10,0,1,1,True,False,False,7,1,0
2023-05-30,leg,8928,47195,10,0,1,1,True,False,False,8,1,0
2023-05-30,leg,8928,47195,10,0,1,1,True,False,False,9,1,0
2023-05-30,leg,8928,47195,10,0,1,1,True,False,False,10,1,0
2023-05-30,leg,17639,205483,10,0,1,1,True,False,True,1,1,0
2023-05-30,leg,17639,205483,10,0,1,1,True,False,True,2,1,0
2023-05-30,leg,17639,205483,10,0,1,1,True,False,True,3,1,0
2023-05-30,leg,17639,205483,10,0,1,1,True,False,True,4,1,0
2023-05-30,leg,17639,205483,10,0,1,1,True,False,True,5,1,0
2023-05-30,leg,17639,205483,10,0,1,1,True,False,True,6,1,0
2023-05-30,leg,17639,205483,10,0,1,1,True,False,True,7,1,0
2023-05-30,leg,17639,205483,10,0,1,1,True,False,True,8,1,0
2023-05-30,leg,17639,205483,10,0,1,1,True,False,True,9,1,0
2023-05-30,leg,17639,205483,10,0,1,1,True,False,True,10,1,0
2023-05-30,leg,37721,267579,10,0,1,1,True,False,True,1,1,0
2023-05-30,leg,37721,267579,10,0,1,1,True,False,True,2,1,0
2023-05-30,leg,37721,267579,10,0,1,1,True,False,True,3,1,0
2023-05-30,leg,37721,267579,10,0,1,1,True,False,True,4,1,0
2023-05-30,leg,37721,267579,10,0,1,1,True,False,True,5,1,0
2023-05-30,leg,37721,267579,10,0,1,1,True,False,True,6,1,0
2023-05-30,leg,37721,267579,10,0,1,1,True,False,True,7,1,0
2023-05-30,leg,37721,267579,10,0,1,1,True,False,True,8,1,0
2023-05-30,leg,37721,267579,10,0,1,1,True,False,True,9,1,0
2023-05-30,leg,37721,267579,10,0,1,1,True,False,True,10,1,0
2023-05-30,leg,17639,50786,10,0,1,1,True,False,True,1,1,0
2023-05-30,leg,17639,50786,10,0,1,1,True,False,True,2,1,0
2023-05-30,leg,17639,50786,10,0,1,1,True,False,True,3,1,0
2023-05-30,leg,17639,50786,10,0,1,1,True,False,True,4,1,0
2023-05-30,leg,17639,50786,10,0,1,1,True,False,True,5,1,0
2023-05-30,leg,17639,50786,10,0,1,1,True,False,True,6,1,0
2023-05-30,leg,17639,50786,10,0,1,1,True,False,True,7,1,0
2023-05-30,leg,17639,50786,10,0,1,1,True,False,True,8,1,0
2023-05-30,leg,17639,50786,10,0,1,1,True,False,True,9,1,0
2023-05-30,leg,17639,50786,10,0,1,1,True,False,True,10,1,0
2023-05-30,leg,17639,48571,10,0,3,"1,2",True,False,True,1,3,0
2023-05-30,leg,17639,48571,10,0,3,"1,2",True,False,True,2,3,0
2023-05-30,leg,17639,48571,10,0,3,"1,2",True,False,True,3,3,0
2023-05-30,leg,17639,48571,10,0,3,"1,2",True,False,True,4,3,0
2023-05-30,leg,17639,48571,10,0,3,"1,2",True,False,True,5,3,0
2023-05-30,leg,17639,48571,10,0,3,"1,2",True,False,True,6,3,0
2023-05-30,leg,17639,48571,10,0,3,"1,2",True,False,True,7,3,0
2023-05-30,leg,17639,48571,10,0,3,"1,2",True,False,True,8,3,0
2023-05-30,leg,17639,48571,10,0,3,"1,2",True,False,True,9,3,0
2023-05-30,leg,17639,48571,10,0,3,"1,2",True,False,True,10,3,0
2023-05-30,leg,18106,206446,10,0,1,1,True,False,True,1,1,0
2023-05-30,leg,18106,206446,10,0,1,1,True,False,True,2,1,0
2023-05-30,leg,18106,206446,10,0,1,1,True,False,True,3,1,0
2023-05-30,leg,18106,206446,10,0,1,1,True,False,True,4,1,0
2023-05-30,leg,18106,206446,10,0,1,1,True,False,True,5,1,0
2023-05-30,leg,18106,206446,10,0,1,1,True,False,True,6,1,0
2023-05-30,leg,18106,206446,10,0,1,1,True,False,True,7,1,0
2023-05-30,leg,18106,206446,10,0,1,1,True,False,True,8,1,0
2023-05-30,leg,18106,206446,10,0,1,1,True,False,True,9,1,0
2023-05-30,leg,18106,206446,10,0,1,1,True,False,True,10,1,0
2023-05-30,leg,133385,150797,10,0,218,1,True,False,False,1,218,0
2023-05-30,leg,133385,150797,10,0,218,1,True,False,False,2,218,0
2023-05-30,leg,133385,150797,10,0,218,1,True,False,False,3,218,0
2023-05-30,leg,133385,150797,10,0,218,1,True,False,False,4,218,0
2023-05-30,leg,133385,150797,10,0,218,1,True,False,False,5,218,0
2023-05-30,leg,133385,150797,10,0,218,1,True,False,False,6,218,0
2023-05-30,leg,133385,150797,10,0,218,1,True,False,False,7,218,0
2023-05-30,leg,133385,150797,10,0,218,1,True,False,False,8,218,0
2023-05-30,leg,133385,150797,10,0,218,1,True,False,False,9,218,0
2023-05-30,leg,133385,150797,10,0,218,1,True,False,False,10,218,0
2023-05-30,leg,25091,50624,10,0,2,1,True,False,False,1,2,0
2023-05-30,leg,25091,50624,10,0,2,1,True,False,False,2,2,0
2023-05-30,leg,25091,50624,10,0,2,1,True,False,False,3,2,0
2023-05-30,leg,25091,50624,10,0,2,1,True,False,False,4,2,0
2023-05-30,leg,25091,50624,10,0,2,1,True,False,False,5,2,0
2023-05-30,leg,25091,50624,10,0,2,1,True,False,False,6,2,0
2023-05-30,leg,25091,50624,10,0,2,1,True,False,False,7,2,0
2023-05-30,leg,25091,50624,10,0,2,1,True,False,False,8,2,0
2023-05-30,leg,25091,50624,10,0,2,1,True,False,False,9,2,0
2023-05-30,leg,25091,50624,10,0,2,1,True,False,False,10,2,0
2023-05-30,leg,17639,199103,10,0,1,1,True,False,True,1,1,0
2023-05-30,leg,17639,199103,10,0,1,1,True,False,True,2,1,0
2023-05-30,leg,17639,199103,10,0,1,1,True,False,True,3,1,0
2023-05-30,leg,17639,199103,10,0,1,1,True,False,True,4,1,0
2023-05-30,leg,17639,199103,10,0,1,1,True,False,True,5,1,0
2023-05-30,leg,17639,199103,10,0,1,1,True,False,True,6,1,0
2023-05-30,leg,17639,199103,10,0,1,1,True,False,True,7,1,0
2023-05-30,leg,17639,199103,10,0,1,1,True,False,True,8,1,0
2023-05-30,leg,17639,199103,10,0,1,1,True,False,True,9,1,0
2023-05-30,leg,17639,199103,10,0,1,1,True,False,True,10,1,0
2023-05-30,leg,29075,50624,10,0,1,1,True,False,True,1,1,0
2023-05-30,leg,29075,50624,10,0,1,1,True,False,True,2,1,0
2023-05-30,leg,29075,50624,10,0,1,1,True,False,True,3,1,0
2023-05-30,leg,29075,50624,10,0,1,1,True,False,True,4,1,0
2023-05-30,leg,29075,50624,10,0,1,1,True,False,True,5,1,0
2023-05-30,leg,29075,50624,10,0,1,1,True,False,True,6,1,0
2023-05-30,leg,29075,50624,10,0,1,1,True,False,True,7,1,0
2023-05-30,leg,29075,50624,10,0,1,1,True,False,True,8,1,0
2023-05-30,leg,29075,50624,10,0,1,1,True,False,True,9,1,0
2023-05-30,leg,29075,50624,10,0,1,1,True,False,True,10,1,0
2023-05-30,leg,11758,26827,10,0,27,3,True,False,False,1,27,0
2023-05-30,leg,11758,26827,10,0,27,3,True,False,False,2,27,0
2023-05-30,leg,11758,26827,10,0,27,3,True,False,False,3,27,0
2023-05-30,leg,11758,26827,10,0,27,3,True,False,False,4,27,0
2023-05-30,leg,11758,26827,10,0,27,3,True,False,False,5,27,0
2023-05-30,leg,11758,26827,10,0,27,3,True,False,False,6,27,0
2023-05-30,leg,11758,26827,10,0,27,3,True,False,False,7,27,0
2023-05-30,leg,11758,26827,10,0,27,3,True,False,False,8,27,0
2023-05-30,leg,11758,26827,10,0,27,3,True,False,False,9,27,0
2023-05-30,leg,11758,26827,10,0,27,3,True,False,False,10,27,0
2023-05-30,leg,17639,205604,10,0,1,1,True,False,True,1,1,0
2023-05-30,leg,17639,205604,10,0,1,1,True,False,True,2,1,0
2023-05-30,leg,17639,205604,10,0,1,1,True,False,True,3,1,0
2023-05-30,leg,17639,205604,10,0,1,1,True,False,True,4,1,0
2023-05-30,leg,17639,205604,10,0,1,1,True,False,True,5,1,0
2023-05-30,leg,17639,205604,10,0,1,1,True,False,True,6,1,0
2023-05-30,leg,17639,205604,10,0,1,1,True,False,True,7,1,0
2023-05-30,leg,17639,205604,10,0,1,1,True,False,True,8,1,0
2023-05-30,leg,17639,205604,10,0,1,1,True,False,True,9,1,0
2023-05-30,leg,17639,205604,10,0,1,1,True,False,True,10,1,0
2023-05-30,leg,293,35986,10,0,3,"1,2",True,False,True,1,3,0
2023-05-30,leg,293,35986,10,0,3,"1,2",True,False,True,2,3,0
2023-05-30,leg,293,35986,10,0,3,"1,2",True,False,True,3,3,0
2023-05-30,leg,293,35986,10,0,3,"1,2",True,False,True,4,3,0
2023-05-30,leg,293,35986,10,0,3,"1,2",True,False,True,5,3,0
2023-05-30,leg,293,35986,10,0,3,"1,2",True,False,True,6,3,0
2023-05-30,leg,293,35986,10,0,3,"1,2",True,False,True,7,3,0
2023-05-30,leg,293,35986,10,0,3,"1,2",True,False,True,8,3,0
2023-05-30,leg,293,35986,10,0,3,"1,2",True,False,True,9,3,0
2023-05-30,leg,293,35986,10,0,3,"1,2",True,False,True,10,3,0
2023-05-30,leg,293,54825,10,0,1,1,True,False,True,1,1,0
2023-05-30,leg,293,54825,10,0,1,1,True,False,True,2,1,0
2023-05-30,leg,293,54825,10,0,1,1,True,False,True,3,1,0
2023-05-30,leg,293,54825,10,0,1,1,True,False,True,4,1,0
2023-05-30,leg,293,54825,10,0,1,1,True,False,True,5,1,0
2023-05-30,leg,293,54825,10,0,1,1,True,False,True,6,1,0
2023-05-30,leg,293,54825,10,0,1,1,True,False,True,7,1,0
2023-05-30,leg,293,54825,10,0,1,1,True,False,True,8,1,0
2023-05-30,leg,293,54825,10,0,1,1,True,False,True,9,1,0
2023-05-30,leg,293,54825,10,0,1,1,True,False,True,10,1,0
2023-05-30,leg,6849,17639,10,0,10,"1,2",True,True,True,1,9,1
2023-05-30,leg,6849,17639,10,0,10,"1,2",True,True,True,2,9,1
2023-05-30,leg,6849,17639,10,0,10,"1,2",True,True,True,3,9,1
2023-05-30,leg,6849,17639,10,0,10,"1,2",True,True,True,4,9,1
2023-05-30,leg,6849,17639,10,0,10,"1,2",True,True,True,5,9,1
2023-05-30,leg,6849,17639,10,0,10,"1,2",True,True,True,6,10,0
2023-05-30,leg,6849,17639,10,0,10,"1,2",True,True,True,7,10,0
2023-05-30,leg,6849,17639,10,0,10,"1,2",True,True,True,8,10,0
2023-05-30,leg,6849,17639,10,0,10,"1,2",True,True,True,9,10,0
2023-05-30,leg,6849,17639,10,0,10,"1,2",True,True,True,10,10,0
2023-05-30,leg,25091,266160,10,0,14,"1,2",False,False,False,1,13,1
2023-05-30,leg,25091,266160,10,0,14,"1,2",False,False,False,2,13,1
2023-05-30,leg,25091,266160,10,0,14,"1,2",False,False,False,3,13,1
2023-05-30,leg,25091,266160,10,0,14,"1,2",False,False,False,4,14,0
2023-05-30,leg,25091,266160,10,0,14,"1,2",False,False,False,5,14,0
2023-05-30,leg,25091,266160,10,0,14,"1,2",False,False,False,6,14,0
2023-05-30,leg,25091,266160,10,0,14,"1,2",False,False,False,7,14,0
2023-05-30,leg,25091,266160,10,0,14,"1,2",False,False,False,8,14,0
2023-05-30,leg,25091,266160,10,0,14,"1,2",False,False,False,9,14,0
2023-05-30,leg,25091,266160,10,0,14,"1,2",False,False,False,10,14,0
2023-05-30,leg,17639,58082,10,0,1,1,True,False,True,1,1,0
2023-05-30,leg,17639,58082,10,0,1,1,True,False,True,2,1,0
2023-05-30,leg,17639,58082,10,0,1,1,True,False,True,3,1,0
2023-05-30,leg,17639,58082,10,0,1,1,True,False,True,4,1,0
2023-05-30,leg,17639,58082,10,0,1,1,True,False,True,5,1,0
2023-05-30,leg,17639,58082,10,0,1,1,True,False,True,6,1,0
2023-05-30,leg,17639,58082,10,0,1,1,True,False,True,7,1,0
2023-05-30,leg,17639,58082,10,0,1,1,True,False,True,8,1,0
2023-05-30,leg,17639,58082,10,0,1,1,True,False,True,9,1,0
2023-05-30,leg,17639,58082,10,0,1,1,True,False,True,10,1,0
2023-05-30,leg,17639,44347,10,0,1,1,True,False,True,1,1,0
2023-05-30,leg,17639,44347,10,0,1,1,True,False,True,2,1,0
2023-05-30,leg,17639,44347,10,0,1,1,True,False,True,3,1,0
2023-05-30,leg,17639,44347,10,0,1,1,True,False,True,4,1,0
2023-05-30,leg,17639,44347,10,0,1,1,True,False,True,5,1,0
2023-05-30,leg,17639,44347,10,0,1,1,True,False,True,6,1,0
2023-05-30,leg,17639,44347,10,0,1,1,True,False,True,7,1,0
2023-05-30,leg,17639,44347,10,0,1,1,True,False,True,8,1,0
2023-05-30,leg,17639,44347,10,0,1,1,True,False,True,9,1,0
2023-05-30,leg,17639,44347,10,0,1,1,True,False,True,10,1,0
2023-05-30,leg,28260,41327,10,0,93,"1,2,3,4",True,False,False,1,92,1
2023-05-30,leg,28260,41327,10,0,93,"1,2,3,4",True,False,False,2,93,0
2023-05-30,leg,28260,41327,10,0,93,"1,2,3,4",True,False,False,3,93,0
2023-05-30,leg,28260,41327,10,0,93,"1,2,3,4",True,False,False,4,93,0
2023-05-30,leg,28260,41327,10,0,93,"1,2,3,4",True,False,False,5,93,0
2023-05-30,leg,28260,41327,10,0,93,"1,2,3,4",True,False,False,6,93,0
2023-05-30,leg,28260,41327,10,0,93,"1,2,3,4",True,False,False,7,93,0
2023-05-30,leg,28260,41327,10,0,93,"1,2,3,4",True,False,False,8,93,0
2023-05-30,leg,28260,41327,10,0,93,"1,2,3,4",True,False,False,9,93,0
2023-05-30,leg,28260,41327,10,0,93,"1,2,3,4",True,False,False,10,93,0
2023-05-30,leg,36351,53167,10,0,6,"1,2,3",True,False,True,1,6,0
2023-05-30,leg,36351,53167,10,0,6,"1,2,3",True,False,True,2,6,0
2023-05-30,leg,36351,53167,10,0,6,"1,2,3",True,False,True,3,6,0
2023-05-30,leg,36351,53167,10,0,6,"1,2,3",True,False,True,4,6,0
2023-05-30,leg,36351,53167,10,0,6,"1,2,3",True,False,True,5,6,0
2023-05-30,leg,36351,53167,10,0,6,"1,2,3",True,False,True,6,6,0
2023-05-30,leg,36351,53167,10,0,6,"1,2,3",True,False,True,7,6,0
2023-05-30,leg,36351,53167,10,0,6,"1,2,3",True,False,True,8,6,0
2023-05-30,leg,36351,53167,10,0,6,"1,2,3",True,False,True,9,6,0
2023-05-30,leg,36351,53167,10,0,6,"1,2,3",True,False,True,10,6,0
2023-05-30,leg,17639,43709,10,0,1,1,True,False,True,1,1,0
2023-05-30,leg,17639,43709,10,0,1,1,True,False,True,2,1,0
2023-05-30,leg,17639,43709,10,0,1,1,True,False,True,3,1,0
2023-05-30,leg,17639,43709,10,0,1,1,True,False,True,4,1,0
2023-05-30,leg,17639,43709,10,0,1,1,True,False,True,5,1,0
2023-05-30,leg,17639,43709,10,0,1,1,True,False,True,6,1,0
2023-05-30,leg,17639,43709,10,0,1,1,True,False,True,7,1,0
2023-05-30,leg,17639,43709,10,0,1,1,True,False,True,8,1,0
2023-05-30,leg,17639,43709,10,0,1,1,True,False,True,9,1,0
2023-05-30,leg,17639,43709,10,0,1,1,True,False,True,10,1,0
2023-05-30,leg,17639,267117,10,0,1,1,True,False,True,1,1,0
2023-05-30,leg,17639,267117,10,0,1,1,True,False,True,2,1,0
2023-05-30,leg,17639,267117,10,0,1,1,True,False,True,3,1,0
2023-05-30,leg,17639,267117,10,0,1,1,True,False,True,4,1,0
2023-05-30,leg,17639,267117,10,0,1,1,True,False,True,5,1,0
2023-05-30,leg,17639,267117,10,0,1,1,True,False,True,6,1,0
2023-05-30,leg,17639,267117,10,0,1,1,True,False,True,7,1,0
2023-05-30,leg,17639,267117,10,0,1,1,True,False,True,8,1,0
2023-05-30,leg,17639,267117,10,0,1,1,True,False,True,9,1,0
2023-05-30,leg,17639,267117,10,0,1,1,True,False,True,10,1,0
2023-05-30,leg,17639,209288,10,0,4,"1,2",True,False,True,1,4,0
2023-05-30,leg,17639,209288,10,0,4,"1,2",True,False,True,2,4,0
2023-05-30,leg,17639,209288,10,0,4,"1,2",True,False,True,3,4,0
2023-05-30,leg,17639,209288,10,0,4,"1,2",True,False,True,4,4,0
2023-05-30,leg,17639,209288,10,0,4,"1,2",True,False,True,5,4,0
2023-05-30,leg,17639,209288,10,0,4,"1,2",True,False,True,6,4,0
2023-05-30,leg,17639,209288,10,0,4,"1,2",True,False,True,7,4,0
2023-05-30,leg,17639,209288,10,0,4,"1,2",True,False,True,8,4,0
2023-05-30,leg,17639,209288,10,0,4,"1,2",True,False,True,9,4,0
2023-05-30,leg,17639,209288,10,0,4,"1,2",True,False,True,10,4,0
2023-05-30,leg,271198,273683,10,0,190,1,True,False,False,1,190,0
2023-05-30,leg,271198,273683,10,0,190,1,True,False,False,2,190,0
2023-05-30,leg,271198,273683,10,0,190,1,True,False,False,3,190,0
2023-05-30,leg,271198,273683,10,0,190,1,True,False,False,4,190,0
2023-05-30,leg,271198,273683,10,0,190,1,True,False,False,5,190,0
2023-05-30,leg,271198,273683,10,0,190,1,True,False,False,6,190,0
2023-05-30,leg,271198,273683,10,0,190,1,True,False,False,7,190,0
2023-05-30,leg,271198,273683,10,0,190,1,True,False,False,8,190,0
2023-05-30,leg,271198,273683,10,0,190,1,True,False,False,9,190,0
2023-05-30,leg,271198,273683,10,0,190,1,True,False,False,10,190,0
2023-05-30,leg,293,23576,10,0,1,1,True,False,True,1,1,0
2023-05-30,leg,293,23576,10,0,1,1,True,False,True,2,1,0
2023-05-30,leg,293,23576,10,0,1,1,True,False,True,3,1,0
2023-05-30,leg,293,23576,10,0,1,1,True,False,True,4,1,0
2023-05-30,leg,293,23576,10,0,1,1,True,False,True,5,1,0
2023-05-30,leg,293,23576,10,0,1,1,True,False,True,6,1,0
2023-05-30,leg,293,23576,10,0,1,1,True,False,True,7,1,0
2023-05-30,leg,293,23576,10,0,1,1,True,False,True,8,1,0
2023-05-30,leg,293,23576,10,0,1,1,True,False,True,9,1,0
2023-05-30,leg,293,23576,10,0,1,1,True,False,True,10,1,0
2023-05-30,leg,4657,138886,10,0,1,1,True,False,False,1,1,0
2023-05-30,leg,4657,138886,10,0,1,1,True,False,False,2,1,0
2023-05-30,leg,4657,138886,10,0,1,1,True,False,False,3,1,0
2023-05-30,leg,4657,138886,10,0,1,1,True,False,False,4,1,0
2023-05-30,leg,4657,138886,10,0,1,1,True,False,False,5,1,0
2023-05-30,leg,4657,138886,10,0,1,1,True,False,False,6,1,0
2023-05-30,leg,4657,138886,10,0,1,1,True,False,False,7,1,0
2023-05-30,leg,4657,138886,10,0,1,1,True,False,False,8,1,0
2023-05-30,leg,4657,138886,10,0,1,1,True,False,False,9,1,0
2023-05-30,leg,4657,138886,10,0,1,1,True,False,False,10,1,0
2023-05-30,leg,17639,58095,10,0,1,2,True,False,True,1,1,0
2023-05-30,leg,17639,58095,10,0,1,2,True,False,True,2,1,0
2023-05-30,leg,17639,58095,10,0,1,2,True,False,True,3,1,0
2023-05-30,leg,17639,58095,10,0,1,2,True,False,True,4,1,0
2023-05-30,leg,17639,58095,10,0,1,2,True,False,True,5,1,0
2023-05-30,leg,17639,58095,10,0,1,2,True,False,True,6,1,0
2023-05-30,leg,17639,58095,10,0,1,2,True,False,True,7,1,0
2023-05-30,leg,17639,58095,10,0,1,2,True,False,True,8,1,0
2023-05-30,leg,17639,58095,10,0,1,2,True,False,True,9,1,0
2023-05-30,leg,17639,58095,10,0,1,2,True,False,True,10,1,0
2023-05-30,leg,17639,131465,10,0,1,1,True,False,True,1,1,0
2023-05-30,leg,17639,131465,10,0,1,1,True,False,True,2,1,0
2023-05-30,leg,17639,131465,10,0,1,1,True,False,True,3,1,0
2023-05-30,leg,17639,131465,10,0,1,1,True,False,True,4,1,0
2023-05-30,leg,17639,131465,10,0,1,1,True,False,True,5,1,0
2023-05-30,leg,17639,131465,10,0,1,1,True,False,True,6,1,0
2023-05-30,leg,17639,131465,10,0,1,1,True,False,True,7,1,0
2023-05-30,leg,17639,131465,10,0,1,1,True,False,True,8,1,0
2023-05-30,leg,17639,131465,10,0,1,1,True,False,True,9,1,0
2023-05-30,leg,17639,131465,10,0,1,1,True,False,True,10,1,0
2023-05-30,leg,17639,35729,10,0,1,1,True,False,True,1,1,0
2023-05-30,leg,17639,35729,10,0,1,1,True,False,True,2,1,0
2023-05-30,leg,17639,35729,10,0,1,1,True,False,True,3,1,0
2023-05-30,leg,17639,35729,10,0,1,1,True,False,True,4,1,0
2023-05-30,leg,17639,35729,10,0,1,1,True,False,True,5,1,0
2023-05-30,leg,17639,35729,10,0,1,1,True,False,True,6,1,0
2023-05-30,leg,17639,35729,10,0,1,1,True,False,True,7,1,0
2023-05-30,leg,17639,35729,10,0,1,1,True,False,True,8,1,0
2023-05-30,leg,17639,35729,10,0,1,1,True,False,True,9,1,0
2023-05-30,leg,17639,35729,10,0,1,1,True,False,True,10,1,0
2023-05-30,leg,17639,20911,10,0,2,"1,2",True,False,True,1,2,0
2023-05-30,leg,17639,20911,10,0,2,"1,2",True,False,True,2,2,0
2023-05-30,leg,17639,20911,10,0,2,"1,2",True,False,True,3,2,0
2023-05-30,leg,17639,20911,10,0,2,"1,2",True,False,True,4,2,0
2023-05-30,leg,17639,20911,10,0,2,"1,2",True,False,True,5,2,0
2023-05-30,leg,17639,20911,10,0,2,"1,2",True,False,True,6,2,0
2023-05-30,leg,17639,20911,10,0,2,"1,2",True,False,True,7,2,0
2023-05-30,leg,17639,20911,10,0,2,"1,2",True,False,True,8,2,0
2023-05-30,leg,17639,20911,10,0,2,"1,2",True,False,True,9,2,0
2023-05-30,leg,17639,20911,10,0,2,"1,2",True,False,True,10,2,0
2023-05-30,leg,17639,59492,10,0,1,2,True,False,True,1,1,0
2023-05-30,leg,17639,59492,10,0,1,2,True,False,True,2,1,0
2023-05-30,leg,17639,59492,10,0,1,2,True,False,True,3,1,0
2023-05-30,leg,17639,59492,10,0,1,2,True,False,True,4,1,0
2023-05-30,leg,17639,59492,10,0,1,2,True,False,True,5,1,0
2023-05-30,leg,17639,59492,10,0,1,2,True,False,True,6,1,0
2023-05-30,leg,17639,59492,10,0,1,2,True,False,True,7,1,0
2023-05-30,leg,17639,59492,10,0,1,2,True,False,True,8,1,0
2023-05-30,leg,17639,59492,10,0,1,2,True,False,True,9,1,0
2023-05-30,leg,17639,59492,10,0,1,2,True,False,True,10,1,0
2023-05-30,leg,17639,212648,10,0,1,3,True,False,True,1,1,0
2023-05-30,leg,17639,212648,10,0,1,3,True,False,True,2,1,0
2023-05-30,leg,17639,212648,10,0,1,3,True,False,True,3,1,0
2023-05-30,leg,17639,212648,10,0,1,3,True,False,True,4,1,0
2023-05-30,leg,17639,212648,10,0,1,3,True,False,True,5,1,0
2023-05-30,leg,17639,212648,10,0,1,3,True,False,True,6,1,0
2023-05-30,leg,17639,212648,10,0,1,3,True,False,True,7,1,0
2023-05-30,leg,17639,212648,10,0,1,3,True,False,True,8,1,0
2023-05-30,leg,17639,212648,10,0,1,3,True,False,True,9,1,0
2023-05-30,leg,17639,212648,10,0,1,3,True,False,True,10,1,0
2023-05-30,leg,17639,51800,10,0,1,1,True,False,True,1,1,0
2023-05-30,leg,17639,51800,10,0,1,1,True,False,True,2,1,0
2023-05-30,leg,17639,51800,10,0,1,1,True,False,True,3,1,0
2023-05-30,leg,17639,51800,10,0,1,1,True,False,True,4,1,0
2023-05-30,leg,17639,51800,10,0,1,1,True,False,True,5,1,0
2023-05-30,leg,17639,51800,10,0,1,1,True,False,True,6,1,0
2023-05-30,leg,17639,51800,10,0,1,1,True,False,True,7,1,0
2023-05-30,leg,17639,51800,10,0,1,1,True,False,True,8,1,0
2023-05-30,leg,17639,51800,10,0,1,1,True,False,True,9,1,0
2023-05-30,leg,17639,51800,10,0,1,1,True,False,True,10,1,0
2023-05-30,leg,17639,206762,10,0,1,1,True,False,True,1,1,0
2023-05-30,leg,17639,206762,10,0,1,1,True,False,True,2,1,0
2023-05-30,leg,17639,206762,10,0,1,1,True,False,True,3,1,0
2023-05-30,leg,17639,206762,10,0,1,1,True,False,True,4,1,0
2023-05-30,leg,17639,206762,10,0,1,1,True,False,True,5,1,0
2023-05-30,leg,17639,206762,10,0,1,1,True,False,True,6,1,0
2023-05-30,leg,17639,206762,10,0,1,1,True,False,True,7,1,0
2023-05-30,leg,17639,206762,10,0,1,1,True,False,True,8,1,0
2023-05-30,leg,17639,206762,10,0,1,1,True,False,True,9,1,0
2023-05-30,leg,17639,206762,10,0,1,1,True,False,True,10,1,0
2023-05-30,leg,17639,49176,10,0,1,1,True,False,True,1,1,0
2023-05-30,leg,17639,49176,10,0,1,1,True,False,True,2,1,0
2023-05-30,leg,17639,49176,10,0,1,1,True,False,True,3,1,0
2023-05-30,leg,17639,49176,10,0,1,1,True,False,True,4,1,0
2023-05-30,leg,17639,49176,10,0,1,1,True,False,True,5,1,0
2023-05-30,leg,17639,49176,10,0,1,1,True,False,True,6,1,0
2023-05-30,leg,17639,49176,10,0,1,1,True,False,True,7,1,0
2023-05-30,leg,17639,49176,10,0,1,1,True,False,True,8,1,0
2023-05-30,leg,17639,49176,10,0,1,1,True,False,True,9,1,0
2023-05-30,leg,17639,49176,10,0,1,1,True,False,True,10,1,0
2023-05-30,leg,17639,199708,10,0,1,1,True,False,True,1,1,0
2023-05-30,leg,17639,199708,10,0,1,1,True,False,True,2,1,0
2023-05-30,leg,17639,199708,10,0,1,1,True,False,True,3,1,0
2023-05-30,leg,17639,199708,10,0,1,1,True,False,True,4,1,0
2023-05-30,leg,17639,199708,10,0,1,1,True,False,True,5,1,0
2023-05-30,leg,17639,199708,10,0,1,1,True,False,True,6,1,0
2023-05-30,leg,17639,199708,10,0,1,1,True,False,True,7,1,0
2023-05-30,leg,17639,199708,10,0,1,1,True,False,True,8,1,0
2023-05-30,leg,17639,199708,10,0,1,1,True,False,True,9,1,0
2023-05-30,leg,17639,199708,10,0,1,1,True,False,True,10,1,0
2023-05-30,leg,17639,212131,10,0,1,1,True,False,True,1,1,0
2023-05-30,leg,17639,212131,10,0,1,1,True,False,True,2,1,0
2023-05-30,leg,17639,212131,10,0,1,1,True,False,True,3,1,0
2023-05-30,leg,17639,212131,10,0,1,1,True,False,True,4,1,0
2023-05-30,leg,17639,212131,10,0,1,1,True,False,True,5,1,0
2023-05-30,leg,17639,212131,10,0,1,1,True,False,True,6,1,0
2023-05-30,leg,17639,212131,10,0,1,1,True,False,True,7,1,0
2023-05-30,leg,17639,212131,10,0,1,1,True,False,True,8,1,0
2023-05-30,leg,17639,212131,10,0,1,1,True,False,True,9,1,0
2023-05-30,leg,17639,212131,10,0,1,1,True,False,True,10,1,0
2023-05-30,leg,62485,207036,10,0,6,1,True,False,False,1,6,0
2023-05-30,leg,62485,207036,10,0,6,1,True,False,False,2,6,0
2023-05-30,leg,62485,207036,10,0,6,1,True,False,False,3,6,0
2023-05-30,leg,62485,207036,10,0,6,1,True,False,False,4,6,0
2023-05-30,leg,62485,207036,10,0,6,1,True,False,False,5,6,0
2023-05-30,leg,62485,207036,10,0,6,1,True,False,False,6,6,0
2023-05-30,leg,62485,207036,10,0,6,1,True,False,False,7,6,0
2023-05-30,leg,62485,207036,10,0,6,1,True,False,False,8,6,0
2023-05-30,leg,62485,207036,10,0,6,1,True,False,False,9,6,0
2023-05-30,leg,62485,207036,10,0,6,1,True,False,False,10,6,0
2023-05-30,leg,3356,19114,10,0,8,6,True,False,False,1,8,0
2023-05-30,leg,3356,19114,10,0,8,6,True,False,False,2,8,0
2023-05-30,leg,3356,19114,10,0,8,6,True,False,False,3,8,0
2023-05-30,leg,3356,19114,10,0,8,6,True,False,False,4,8,0
2023-05-30,leg,3356,19114,10,0,8,6,True,False,False,5,8,0
2023-05-30,leg,3356,19114,10,0,8,6,True,False,False,6,8,0
2023-05-30,leg,3356,19114,10,0,8,6,True,False,False,7,8,0
2023-05-30,leg,3356,19114,10,0,8,6,True,False,False,8,8,0
2023-05-30,leg,3356,19114,10,0,8,6,True,False,False,9,8,0
2023-05-30,leg,3356,19114,10,0,8,6,True,False,False,10,8,0
2023-05-30,leg,17639,60552,10,0,1,1,True,False,True,1,1,0
2023-05-30,leg,17639,60552,10,0,1,1,True,False,True,2,1,0
2023-05-30,leg,17639,60552,10,0,1,1,True,False,True,3,1,0
2023-05-30,leg,17639,60552,10,0,1,1,True,False,True,4,1,0
2023-05-30,leg,17639,60552,10,0,1,1,True,False,True,5,1,0
2023-05-30,leg,17639,60552,10,0,1,1,True,False,True,6,1,0
2023-05-30,leg,17639,60552,10,0,1,1,True,False,True,7,1,0
2023-05-30,leg,17639,60552,10,0,1,1,True,False,True,8,1,0
2023-05-30,leg,17639,60552,10,0,1,1,True,False,True,9,1,0
2023-05-30,leg,17639,60552,10,0,1,1,True,False,True,10,1,0
2023-05-30,leg,17639,40401,10,0,1,1,True,False,True,1,1,0
2023-05-30,leg,17639,40401,10,0,1,1,True,False,True,2,1,0
2023-05-30,leg,17639,40401,10,0,1,1,True,False,True,3,1,0
2023-05-30,leg,17639,40401,10,0,1,1,True,False,True,4,1,0
2023-05-30,leg,17639,40401,10,0,1,1,True,False,True,5,1,0
2023-05-30,leg,17639,40401,10,0,1,1,True,False,True,6,1,0
2023-05-30,leg,17639,40401,10,0,1,1,True,False,True,7,1,0
2023-05-30,leg,17639,40401,10,0,1,1,True,False,True,8,1,0
2023-05-30,leg,17639,40401,10,0,1,1,True,False,True,9,1,0
2023-05-30,leg,17639,40401,10,0,1,1,True,False,True,10,1,0
2023-05-30,leg,17639,203765,10,0,1,1,True,False,True,1,1,0
2023-05-30,leg,17639,203765,10,0,1,1,True,False,True,2,1,0
2023-05-30,leg,17639,203765,10,0,1,1,True,False,True,3,1,0
2023-05-30,leg,17639,203765,10,0,1,1,True,False,True,4,1,0
2023-05-30,leg,17639,203765,10,0,1,1,True,False,True,5,1,0
2023-05-30,leg,17639,203765,10,0,1,1,True,False,True,6,1,0
2023-05-30,leg,17639,203765,10,0,1,1,True,False,True,7,1,0
2023-05-30,leg,17639,203765,10,0,1,1,True,False,True,8,1,0
2023-05-30,leg,17639,203765,10,0,1,1,True,False,True,9,1,0
2023-05-30,leg,17639,203765,10,0,1,1,True,False,True,10,1,0
2023-05-30,leg,17639,211084,10,0,1,1,True,False,True,1,1,0
2023-05-30,leg,17639,211084,10,0,1,1,True,False,True,2,1,0
2023-05-30,leg,17639,211084,10,0,1,1,True,False,True,3,1,0
2023-05-30,leg,17639,211084,10,0,1,1,True,False,True,4,1,0
2023-05-30,leg,17639,211084,10,0,1,1,True,False,True,5,1,0
2023-05-30,leg,17639,211084,10,0,1,1,True,False,True,6,1,0
2023-05-30,leg,17639,211084,10,0,1,1,True,False,True,7,1,0
2023-05-30,leg,17639,211084,10,0,1,1,True,False,True,8,1,0
2023-05-30,leg,17639,211084,10,0,1,1,True,False,True,9,1,0
2023-05-30,leg,17639,211084,10,0,1,1,True,False,True,10,1,0
2023-05-30,leg,43668,50263,10,0,81,"1,2,3",True,False,False,1,81,0
2023-05-30,leg,43668,50263,10,0,81,"1,2,3",True,False,False,2,81,0
2023-05-30,leg,43668,50263,10,0,81,"1,2,3",True,False,False,3,81,0
2023-05-30,leg,43668,50263,10,0,81,"1,2,3",True,False,False,4,81,0
2023-05-30,leg,43668,50263,10,0,81,"1,2,3",True,False,False,5,81,0
2023-05-30,leg,43668,50263,10,0,81,"1,2,3",True,False,False,6,81,0
2023-05-30,leg,43668,50263,10,0,81,"1,2,3",True,False,False,7,81,0
2023-05-30,leg,43668,50263,10,0,81,"1,2,3",True,False,False,8,81,0
2023-05-30,leg,43668,50263,10,0,81,"1,2,3",True,False,False,9,81,0
2023-05-30,leg,43668,50263,10,0,81,"1,2,3",True,False,False,10,81,0
2023-05-30,leg,17639,48659,10,0,1,1,True,False,True,1,1,0
2023-05-30,leg,17639,48659,10,0,1,1,True,False,True,2,1,0
2023-05-30,leg,17639,48659,10,0,1,1,True,False,True,3,1,0
2023-05-30,leg,17639,48659,10,0,1,1,True,False,True,4,1,0
2023-05-30,leg,17639,48659,10,0,1,1,True,False,True,5,1,0
2023-05-30,leg,17639,48659,10,0,1,1,True,False,True,6,1,0
2023-05-30,leg,17639,48659,10,0,1,1,True,False,True,7,1,0
2023-05-30,leg,17639,48659,10,0,1,1,True,False,True,8,1,0
2023-05-30,leg,17639,48659,10,0,1,1,True,False,True,9,1,0
2023-05-30,leg,17639,48659,10,0,1,1,True,False,True,10,1,0
2023-05-30,leg,17639,44988,10,0,1,1,True,False,True,1,1,0
2023-05-30,leg,17639,44988,10,0,1,1,True,False,True,2,1,0
2023-05-30,leg,17639,44988,10,0,1,1,True,False,True,3,1,0
2023-05-30,leg,17639,44988,10,0,1,1,True,False,True,4,1,0
2023-05-30,leg,17639,44988,10,0,1,1,True,False,True,5,1,0
2023-05-30,leg,17639,44988,10,0,1,1,True,False,True,6,1,0
2023-05-30,leg,17639,44988,10,0,1,1,True,False,True,7,1,0
2023-05-30,leg,17639,44988,10,0,1,1,True,False,True,8,1,0
2023-05-30,leg,17639,44988,10,0,1,1,True,False,True,9,1,0
2023-05-30,leg,17639,44988,10,0,1,1,True,False,True,10,1,0
2023-05-30,leg,56630,57277,10,0,5,"1,2",True,False,False,1,4,1
2023-05-30,leg,56630,57277,10,0,5,"1,2",True,False,False,2,4,1
2023-05-30,leg,56630,57277,10,0,5,"1,2",True,False,False,3,4,1
2023-05-30,leg,56630,57277,10,0,5,"1,2",True,False,False,4,4,1
2023-05-30,leg,56630,57277,10,0,5,"1,2",True,False,False,5,4,1
2023-05-30,leg,56630,57277,10,0,5,"1,2",True,False,False,6,4,1
2023-05-30,leg,56630,57277,10,0,5,"1,2",True,False,False,7,5,0
2023-05-30,leg,56630,57277,10,0,5,"1,2",True,False,False,8,5,0
2023-05-30,leg,56630,57277,10,0,5,"1,2",True,False,False,9,5,0
2023-05-30,leg,56630,57277,10,0,5,"1,2",True,False,False,10,5,0
2023-05-30,leg,28620,53062,10,0,12,1,True,False,False,1,12,0
2023-05-30,leg,28620,53062,10,0,12,1,True,False,False,2,12,0
2023-05-30,leg,28620,53062,10,0,12,1,True,False,False,3,12,0
2023-05-30,leg,28620,53062,10,0,12,1,True,False,False,4,12,0
2023-05-30,leg,28620,53062,10,0,12,1,True,False,False,5,12,0
2023-05-30,leg,28620,53062,10,0,12,1,True,False,False,6,12,0
2023-05-30,leg,28620,53062,10,0,12,1,True,False,False,7,12,0
2023-05-30,leg,28620,53062,10,0,12,1,True,False,False,8,12,0
2023-05-30,leg,28620,53062,10,0,12,1,True,False,False,9,12,0
2023-05-30,leg,28620,53062,10,0,12,1,True,False,False,10,12,0
2023-05-30,leg,17639,43941,10,0,1,1,True,False,True,1,1,0
2023-05-30,leg,17639,43941,10,0,1,1,True,False,True,2,1,0
2023-05-30,leg,17639,43941,10,0,1,1,True,False,True,3,1,0
2023-05-30,leg,17639,43941,10,0,1,1,True,False,True,4,1,0
2023-05-30,leg,17639,43941,10,0,1,1,True,False,True,5,1,0
2023-05-30,leg,17639,43941,10,0,1,1,True,False,True,6,1,0
2023-05-30,leg,17639,43941,10,0,1,1,True,False,True,7,1,0
2023-05-30,leg,17639,43941,10,0,1,1,True,False,True,8,1,0
2023-05-30,leg,17639,43941,10,0,1,1,True,False,True,9,1,0
2023-05-30,leg,17639,43941,10,0,1,1,True,False,True,10,1,0
2023-05-30,leg,17639,200480,10,0,1,1,True,False,True,1,1,0
2023-05-30,leg,17639,200480,10,0,1,1,True,False,True,2,1,0
2023-05-30,leg,17639,200480,10,0,1,1,True,False,True,3,1,0
2023-05-30,leg,17639,200480,10,0,1,1,True,False,True,4,1,0
2023-05-30,leg,17639,200480,10,0,1,1,True,False,True,5,1,0
2023-05-30,leg,17639,200480,10,0,1,1,True,False,True,6,1,0
2023-05-30,leg,17639,200480,10,0,1,1,True,False,True,7,1,0
2023-05-30,leg,17639,200480,10,0,1,1,True,False,True,8,1,0
2023-05-30,leg,17639,200480,10,0,1,1,True,False,True,9,1,0
2023-05-30,leg,17639,200480,10,0,1,1,True,False,True,10,1,0
2023-05-30,leg,137409,270714,10,0,1,1,True,False,False,1,1,0
2023-05-30,leg,137409,270714,10,0,1,1,True,False,False,2,1,0
2023-05-30,leg,137409,270714,10,0,1,1,True,False,False,3,1,0
2023-05-30,leg,137409,270714,10,0,1,1,True,False,False,4,1,0
2023-05-30,leg,137409,270714,10,0,1,1,True,False,False,5,1,0
2023-05-30,leg,137409,270714,10,0,1,1,True,False,False,6,1,0
2023-05-30,leg,137409,270714,10,0,1,1,True,False,False,7,1,0
2023-05-30,leg,137409,270714,10,0,1,1,True,False,False,8,1,0
2023-05-30,leg,137409,270714,10,0,1,1,True,False,False,9,1,0
2023-05-30,leg,137409,270714,10,0,1,1,True,False,False,10,1,0
2023-05-30,leg,50629,211664,10,0,146,1,True,False,False,1,145,1
2023-05-30,leg,50629,211664,10,0,146,1,True,False,False,2,130,16
2023-05-30,leg,50629,211664,10,0,146,1,True,False,False,3,136,10
2023-05-30,leg,50629,211664,10,0,146,1,True,False,False,4,134,12
2023-05-30,leg,50629,211664,10,0,146,1,True,False,False,5,135,11
2023-05-30,leg,50629,211664,10,0,146,1,True,False,False,6,139,7
2023-05-30,leg,50629,211664,10,0,146,1,True,False,False,7,138,8
2023-05-30,leg,50629,211664,10,0,146,1,True,False,False,8,143,3
2023-05-30,leg,50629,211664,10,0,146,1,True,False,False,9,129,17
2023-05-30,leg,50629,211664,10,0,146,1,True,False,False,10,112,34
2023-05-30,leg,40850,61614,10,0,1558,"2,3,4,5",True,False,False,1,1558,0
2023-05-30,leg,40850,61614,10,0,1558,"2,3,4,5",True,False,False,2,1406,152
2023-05-30,leg,40850,61614,10,0,1558,"2,3,4,5",True,False,False,3,1406,152
2023-05-30,leg,40850,61614,10,0,1558,"2,3,4,5",True,False,False,4,1404,154
2023-05-30,leg,40850,61614,10,0,1558,"2,3,4,5",True,False,False,5,1428,130
2023-05-30,leg,40850,61614,10,0,1558,"2,3,4,5",True,False,False,6,1406,152
2023-05-30,leg,40850,61614,10,0,1558,"2,3,4,5",True,False,False,7,1411,147
2023-05-30,leg,40850,61614,10,0,1558,"2,3,4,5",True,False,False,8,1541,17
2023-05-30,leg,40850,61614,10,0,1558,"2,3,4,5",True,False,False,9,1405,153
2023-05-30,leg,40850,61614,10,0,1558,"2,3,4,5",True,False,False,10,1443,115
2023-05-30,leg,17639,51790,10,0,4,"1,2",True,False,True,1,4,0
2023-05-30,leg,17639,51790,10,0,4,"1,2",True,False,True,2,4,0
2023-05-30,leg,17639,51790,10,0,4,"1,2",True,False,True,3,4,0
2023-05-30,leg,17639,51790,10,0,4,"1,2",True,False,True,4,4,0
2023-05-30,leg,17639,51790,10,0,4,"1,2",True,False,True,5,4,0
2023-05-30,leg,17639,51790,10,0,4,"1,2",True,False,True,6,4,0
2023-05-30,leg,17639,51790,10,0,4,"1,2",True,False,True,7,4,0
2023-05-30,leg,17639,51790,10,0,4,"1,2",True,False,True,8,4,0
2023-05-30,leg,17639,51790,10,0,4,"1,2",True,False,True,9,4,0
2023-05-30,leg,17639,51790,10,0,4,"1,2",True,False,True,10,4,0
2023-05-30,leg,17639,262595,10,0,1,1,True,False,True,1,1,0
2023-05-30,leg,17639,262595,10,0,1,1,True,False,True,2,1,0
2023-05-30,leg,17639,262595,10,0,1,1,True,False,True,3,1,0
2023-05-30,leg,17639,262595,10,0,1,1,True,False,True,4,1,0
2023-05-30,leg,17639,262595,10,0,1,1,True,False,True,5,1,0
2023-05-30,leg,17639,262595,10,0,1,1,True,False,True,6,1,0
2023-05-30,leg,17639,262595,10,0,1,1,True,False,True,7,1,0
2023-05-30,leg,17639,262595,10,0,1,1,True,False,True,8,1,0
2023-05-30,leg,17639,262595,10,0,1,1,True,False,True,9,1,0
2023-05-30,leg,17639,262595,10,0,1,1,True,False,True,10,1,0
2023-05-30,leg,17639,39861,10,0,1,1,True,False,True,1,1,0
2023-05-30,leg,17639,39861,10,0,1,1,True,False,True,2,1,0
2023-05-30,leg,17639,39861,10,0,1,1,True,False,True,3,1,0
2023-05-30,leg,17639,39861,10,0,1,1,True,False,True,4,1,0
2023-05-30,leg,17639,39861,10,0,1,1,True,False,True,5,1,0
2023-05-30,leg,17639,39861,10,0,1,1,True,False,True,6,1,0
2023-05-30,leg,17639,39861,10,0,1,1,True,False,True,7,1,0
2023-05-30,leg,17639,39861,10,0,1,1,True,False,True,8,1,0
2023-05-30,leg,17639,39861,10,0,1,1,True,False,True,9,1,0
2023-05-30,leg,17639,39861,10,0,1,1,True,False,True,10,1,0
2023-05-30,leg,17639,43653,10,0,1,1,True,False,True,1,1,0
2023-05-30,leg,17639,43653,10,0,1,1,True,False,True,2,1,0
2023-05-30,leg,17639,43653,10,0,1,1,True,False,True,3,1,0
2023-05-30,leg,17639,43653,10,0,1,1,True,False,True,4,1,0
2023-05-30,leg,17639,43653,10,0,1,1,True,False,True,5,1,0
2023-05-30,leg,17639,43653,10,0,1,1,True,False,True,6,1,0
2023-05-30,leg,17639,43653,10,0,1,1,True,False,True,7,1,0
2023-05-30,leg,17639,43653,10,0,1,1,True,False,True,8,1,0
2023-05-30,leg,17639,43653,10,0,1,1,True,False,True,9,1,0
2023-05-30,leg,17639,43653,10,0,1,1,True,False,True,10,1,0
2023-05-30,leg,293,11650,10,0,1,1,True,False,True,1,1,0
2023-05-30,leg,293,11650,10,0,1,1,True,False,True,2,1,0
2023-05-30,leg,293,11650,10,0,1,1,True,False,True,3,1,0
2023-05-30,leg,293,11650,10,0,1,1,True,False,True,4,1,0
2023-05-30,leg,293,11650,10,0,1,1,True,False,True,5,1,0
2023-05-30,leg,293,11650,10,0,1,1,True,False,True,6,1,0
2023-05-30,leg,293,11650,10,0,1,1,True,False,True,7,1,0
2023-05-30,leg,293,11650,10,0,1,1,True,False,True,8,1,0
2023-05-30,leg,293,11650,10,0,1,1,True,False,True,9,1,0
2023-05-30,leg,293,11650,10,0,1,1,True,False,True,10,1,0
2023-05-30,leg,17639,48348,10,0,1,1,True,False,True,1,1,0
2023-05-30,leg,17639,48348,10,0,1,1,True,False,True,2,1,0
2023-05-30,leg,17639,48348,10,0,1,1,True,False,True,3,1,0
2023-05-30,leg,17639,48348,10,0,1,1,True,False,True,4,1,0
2023-05-30,leg,17639,48348,10,0,1,1,True,False,True,5,1,0
2023-05-30,leg,17639,48348,10,0,1,1,True,False,True,6,1,0
2023-05-30,leg,17639,48348,10,0,1,1,True,False,True,7,1,0
2023-05-30,leg,17639,48348,10,0,1,1,True,False,True,8,1,0
2023-05-30,leg,17639,48348,10,0,1,1,True,False,True,9,1,0
2023-05-30,leg,17639,48348,10,0,1,1,True,False,True,10,1,0
2023-05-30,leg,17639,197977,10,0,1,1,True,False,True,1,1,0
2023-05-30,leg,17639,197977,10,0,1,1,True,False,True,2,1,0
2023-05-30,leg,17639,197977,10,0,1,1,True,False,True,3,1,0
2023-05-30,leg,17639,197977,10,0,1,1,True,False,True,4,1,0
2023-05-30,leg,17639,197977,10,0,1,1,True,False,True,5,1,0
2023-05-30,leg,17639,197977,10,0,1,1,True,False,True,6,1,0
2023-05-30,leg,17639,197977,10,0,1,1,True,False,True,7,1,0
2023-05-30,leg,17639,197977,10,0,1,1,True,False,True,8,1,0
2023-05-30,leg,17639,197977,10,0,1,1,True,False,True,9,1,0
2023-05-30,leg,17639,197977,10,0,1,1,True,False,True,10,1,0
2023-05-30,leg,17639,198013,10,0,1,1,True,False,True,1,1,0
2023-05-30,leg,17639,198013,10,0,1,1,True,False,True,2,1,0
2023-05-30,leg,17639,198013,10,0,1,1,True,False,True,3,1,0
2023-05-30,leg,17639,198013,10,0,1,1,True,False,True,4,1,0
2023-05-30,leg,17639,198013,10,0,1,1,True,False,True,5,1,0
2023-05-30,leg,17639,198013,10,0,1,1,True,False,True,6,1,0
2023-05-30,leg,17639,198013,10,0,1,1,True,False,True,7,1,0
2023-05-30,leg,17639,198013,10,0,1,1,True,False,True,8,1,0
2023-05-30,leg,17639,198013,10,0,1,1,True,False,True,9,1,0
2023-05-30,leg,17639,198013,10,0,1,1,True,False,True,10,1,0
2023-05-30,leg,17639,204020,10,0,2,"1,2",True,False,True,1,2,0
2023-05-30,leg,17639,204020,10,0,2,"1,2",True,False,True,2,2,0
2023-05-30,leg,17639,204020,10,0,2,"1,2",True,False,True,3,2,0
2023-05-30,leg,17639,204020,10,0,2,"1,2",True,False,True,4,2,0
2023-05-30,leg,17639,204020,10,0,2,"1,2",True,False,True,5,2,0
2023-05-30,leg,17639,204020,10,0,2,"1,2",True,False,True,6,2,0
2023-05-30,leg,17639,204020,10,0,2,"1,2",True,False,True,7,2,0
2023-05-30,leg,17639,204020,10,0,2,"1,2",True,False,True,8,2,0
2023-05-30,leg,17639,204020,10,0,2,"1,2",True,False,True,9,2,0
2023-05-30,leg,17639,204020,10,0,2,"1,2",True,False,True,10,2,0
2023-05-30,leg,9930,203851,10,0,1,2,True,False,False,1,1,0
2023-05-30,leg,9930,203851,10,0,1,2,True,False,False,2,1,0
2023-05-30,leg,9930,203851,10,0,1,2,True,False,False,3,1,0
2023-05-30,leg,9930,203851,10,0,1,2,True,False,False,4,1,0
2023-05-30,leg,9930,203851,10,0,1,2,True,False,False,5,1,0
2023-05-30,leg,9930,203851,10,0,1,2,True,False,False,6,1,0
2023-05-30,leg,9930,203851,10,0,1,2,True,False,False,7,1,0
2023-05-30,leg,9930,203851,10,0,1,2,True,False,False,8,1,0
2023-05-30,leg,9930,203851,10,0,1,2,True,False,False,9,1,0
2023-05-30,leg,9930,203851,10,0,1,2,True,False,False,10,1,0
2023-05-30,leg,17639,204923,10,0,1,1,True,False,True,1,1,0
2023-05-30,leg,17639,204923,10,0,1,1,True,False,True,2,1,0
2023-05-30,leg,17639,204923,10,0,1,1,True,False,True,3,1,0
2023-05-30,leg,17639,204923,10,0,1,1,True,False,True,4,1,0
2023-05-30,leg,17639,204923,10,0,1,1,True,False,True,5,1,0
2023-05-30,leg,17639,204923,10,0,1,1,True,False,True,6,1,0
2023-05-30,leg,17639,204923,10,0,1,1,True,False,True,7,1,0
2023-05-30,leg,17639,204923,10,0,1,1,True,False,True,8,1,0
2023-05-30,leg,17639,204923,10,0,1,1,True,False,True,9,1,0
2023-05-30,leg,17639,204923,10,0,1,1,True,False,True,10,1,0
2023-05-30,leg,1916,262483,10,0,1,1,True,False,False,1,1,0
2023-05-30,leg,1916,262483,10,0,1,1,True,False,False,2,1,0
2023-05-30,leg,1916,262483,10,0,1,1,True,False,False,3,1,0
2023-05-30,leg,1916,262483,10,0,1,1,True,False,False,4,1,0
2023-05-30,leg,1916,262483,10,0,1,1,True,False,False,5,1,0
2023-05-30,leg,1916,262483,10,0,1,1,True,False,False,6,1,0
2023-05-30,leg,1916,262483,10,0,1,1,True,False,False,7,1,0
2023-05-30,leg,1916,262483,10,0,1,1,True,False,False,8,1,0
2023-05-30,leg,1916,262483,10,0,1,1,True,False,False,9,1,0
2023-05-30,leg,1916,262483,10,0,1,1,True,False,False,10,1,0
2023-05-30,leg,17639,199181,10,0,1,1,True,False,True,1,1,0
2023-05-30,leg,17639,199181,10,0,1,1,True,False,True,2,1,0
2023-05-30,leg,17639,199181,10,0,1,1,True,False,True,3,1,0
2023-05-30,leg,17639,199181,10,0,1,1,True,False,True,4,1,0
2023-05-30,leg,17639,199181,10,0,1,1,True,False,True,5,1,0
2023-05-30,leg,17639,199181,10,0,1,1,True,False,True,6,1,0
2023-05-30,leg,17639,199181,10,0,1,1,True,False,True,7,1,0
2023-05-30,leg,17639,199181,10,0,1,1,True,False,True,8,1,0
2023-05-30,leg,17639,199181,10,0,1,1,True,False,True,9,1,0
2023-05-30,leg,17639,199181,10,0,1,1,True,False,True,10,1,0
2023-05-30,leg,17639,57365,10,0,1,1,True,False,True,1,1,0
2023-05-30,leg,17639,57365,10,0,1,1,True,False,True,2,1,0
2023-05-30,leg,17639,57365,10,0,1,1,True,False,True,3,1,0
2023-05-30,leg,17639,57365,10,0,1,1,True,False,True,4,1,0
2023-05-30,leg,17639,57365,10,0,1,1,True,False,True,5,1,0
2023-05-30,leg,17639,57365,10,0,1,1,True,False,True,6,1,0
2023-05-30,leg,17639,57365,10,0,1,1,True,False,True,7,1,0
2023-05-30,leg,17639,57365,10,0,1,1,True,False,True,8,1,0
2023-05-30,leg,17639,57365,10,0,1,1,True,False,True,9,1,0
2023-05-30,leg,17639,57365,10,0,1,1,True,False,True,10,1,0
2023-05-30,leg,50873,200603,10,0,88,1,True,False,False,1,88,0
2023-05-30,leg,50873,200603,10,0,88,1,True,False,False,2,88,0
2023-05-30,leg,50873,200603,10,0,88,1,True,False,False,3,88,0
2023-05-30,leg,50873,200603,10,0,88,1,True,False,False,4,88,0
2023-05-30,leg,50873,200603,10,0,88,1,True,False,False,5,88,0
2023-05-30,leg,50873,200603,10,0,88,1,True,False,False,6,88,0
2023-05-30,leg,50873,200603,10,0,88,1,True,False,False,7,88,0
2023-05-30,leg,50873,200603,10,0,88,1,True,False,False,8,88,0
2023-05-30,leg,50873,200603,10,0,88,1,True,False,False,9,88,0
2023-05-30,leg,50873,200603,10,0,88,1,True,False,False,10,88,0
2023-05-30,leg,17639,57136,10,0,5,"1,2",True,False,True,1,5,0
2023-05-30,leg,17639,57136,10,0,5,"1,2",True,False,True,2,5,0
2023-05-30,leg,17639,57136,10,0,5,"1,2",True,False,True,3,5,0
2023-05-30,leg,17639,57136,10,0,5,"1,2",True,False,True,4,5,0
2023-05-30,leg,17639,57136,10,0,5,"1,2",True,False,True,5,5,0
2023-05-30,leg,17639,57136,10,0,5,"1,2",True,False,True,6,5,0
2023-05-30,leg,17639,57136,10,0,5,"1,2",True,False,True,7,5,0
2023-05-30,leg,17639,57136,10,0,5,"1,2",True,False,True,8,5,0
2023-05-30,leg,17639,57136,10,0,5,"1,2",True,False,True,9,5,0
2023-05-30,leg,17639,57136,10,0,5,"1,2",True,False,True,10,5,0
2023-05-30,leg,17639,50311,10,0,1,1,True,False,True,1,1,0
2023-05-30,leg,17639,50311,10,0,1,1,True,False,True,2,1,0
2023-05-30,leg,17639,50311,10,0,1,1,True,False,True,3,1,0
2023-05-30,leg,17639,50311,10,0,1,1,True,False,True,4,1,0
2023-05-30,leg,17639,50311,10,0,1,1,True,False,True,5,1,0
2023-05-30,leg,17639,50311,10,0,1,1,True,False,True,6,1,0
2023-05-30,leg,17639,50311,10,0,1,1,True,False,True,7,1,0
2023-05-30,leg,17639,50311,10,0,1,1,True,False,True,8,1,0
2023-05-30,leg,17639,50311,10,0,1,1,True,False,True,9,1,0
2023-05-30,leg,17639,50311,10,0,1,1,True,False,True,10,1,0
2023-05-30,leg,293,64208,10,0,2,"1,2",True,False,True,1,2,0
2023-05-30,leg,293,64208,10,0,2,"1,2",True,False,True,2,2,0
2023-05-30,leg,293,64208,10,0,2,"1,2",True,False,True,3,2,0
2023-05-30,leg,293,64208,10,0,2,"1,2",True,False,True,4,2,0
2023-05-30,leg,293,64208,10,0,2,"1,2",True,False,True,5,2,0
2023-05-30,leg,293,64208,10,0,2,"1,2",True,False,True,6,2,0
2023-05-30,leg,293,64208,10,0,2,"1,2",True,False,True,7,2,0
2023-05-30,leg,293,64208,10,0,2,"1,2",True,False,True,8,2,0
2023-05-30,leg,293,64208,10,0,2,"1,2",True,False,True,9,2,0
2023-05-30,leg,293,64208,10,0,2,"1,2",True,False,True,10,2,0
2023-05-30,leg,293,32308,10,0,1,1,True,False,True,1,1,0
2023-05-30,leg,293,32308,10,0,1,1,True,False,True,2,1,0
2023-05-30,leg,293,32308,10,0,1,1,True,False,True,3,1,0
2023-05-30,leg,293,32308,10,0,1,1,True,False,True,4,1,0
2023-05-30,leg,293,32308,10,0,1,1,True,False,True,5,1,0
2023-05-30,leg,293,32308,10,0,1,1,True,False,True,6,1,0
2023-05-30,leg,293,32308,10,0,1,1,True,False,True,7,1,0
2023-05-30,leg,293,32308,10,0,1,1,True,False,True,8,1,0
2023-05-30,leg,293,32308,10,0,1,1,True,False,True,9,1,0
2023-05-30,leg,293,32308,10,0,1,1,True,False,True,10,1,0
2023-05-30,leg,17639,206621,10,0,1,2,True,False,True,1,1,0
2023-05-30,leg,17639,206621,10,0,1,2,True,False,True,2,1,0
2023-05-30,leg,17639,206621,10,0,1,2,True,False,True,3,1,0
2023-05-30,leg,17639,206621,10,0,1,2,True,False,True,4,1,0
2023-05-30,leg,17639,206621,10,0,1,2,True,False,True,5,1,0
2023-05-30,leg,17639,206621,10,0,1,2,True,False,True,6,1,0
2023-05-30,leg,17639,206621,10,0,1,2,True,False,True,7,1,0
2023-05-30,leg,17639,206621,10,0,1,2,True,False,True,8,1,0
2023-05-30,leg,17639,206621,10,0,1,2,True,False,True,9,1,0
2023-05-30,leg,17639,206621,10,0,1,2,True,False,True,10,1,0
2023-05-30,leg,17639,56354,10,0,1,1,True,False,True,1,1,0
2023-05-30,leg,17639,56354,10,0,1,1,True,False,True,2,1,0
2023-05-30,leg,17639,56354,10,0,1,1,True,False,True,3,1,0
2023-05-30,leg,17639,56354,10,0,1,1,True,False,True,4,1,0
2023-05-30,leg,17639,56354,10,0,1,1,True,False,True,5,1,0
2023-05-30,leg,17639,56354,10,0,1,1,True,False,True,6,1,0
2023-05-30,leg,17639,56354,10,0,1,1,True,False,True,7,1,0
2023-05-30,leg,17639,56354,10,0,1,1,True,False,True,8,1,0
2023-05-30,leg,17639,56354,10,0,1,1,True,False,True,9,1,0
2023-05-30,leg,17639,56354,10,0,1,1,True,False,True,10,1,0
2023-05-30,leg,24203,141109,10,0,6,1,True,False,False,1,6,0
2023-05-30,leg,24203,141109,10,0,6,1,True,False,False,2,6,0
2023-05-30,leg,24203,141109,10,0,6,1,True,False,False,3,6,0
2023-05-30,leg,24203,141109,10,0,6,1,True,False,False,4,6,0
2023-05-30,leg,24203,141109,10,0,6,1,True,False,False,5,6,0
2023-05-30,leg,24203,141109,10,0,6,1,True,False,False,6,6,0
2023-05-30,leg,24203,141109,10,0,6,1,True,False,False,7,6,0
2023-05-30,leg,24203,141109,10,0,6,1,True,False,False,8,6,0
2023-05-30,leg,24203,141109,10,0,6,1,True,False,False,9,6,0
2023-05-30,leg,24203,141109,10,0,6,1,True,False,False,10,6,0
2023-05-30,leg,5713,206446,10,0,1,1,True,False,False,1,1,0
2023-05-30,leg,5713,206446,10,0,1,1,True,False,False,2,1,0
2023-05-30,leg,5713,206446,10,0,1,1,True,False,False,3,1,0
2023-05-30,leg,5713,206446,10,0,1,1,True,False,False,4,1,0
2023-05-30,leg,5713,206446,10,0,1,1,True,False,False,5,1,0
2023-05-30,leg,5713,206446,10,0,1,1,True,False,False,6,1,0
2023-05-30,leg,5713,206446,10,0,1,1,True,False,False,7,1,0
2023-05-30,leg,5713,206446,10,0,1,1,True,False,False,8,1,0
2023-05-30,leg,5713,206446,10,0,1,1,True,False,False,9,1,0
2023-05-30,leg,5713,206446,10,0,1,1,True,False,False,10,1,0
2023-05-30,leg,50673,263860,10,0,1,2,True,False,False,1,1,0
2023-05-30,leg,50673,263860,10,0,1,2,True,False,False,2,1,0
2023-05-30,leg,50673,263860,10,0,1,2,True,False,False,3,1,0
2023-05-30,leg,50673,263860,10,0,1,2,True,False,False,4,1,0
2023-05-30,leg,50673,263860,10,0,1,2,True,False,False,5,1,0
2023-05-30,leg,50673,263860,10,0,1,2,True,False,False,6,1,0
2023-05-30,leg,50673,263860,10,0,1,2,True,False,False,7,1,0
2023-05-30,leg,50673,263860,10,0,1,2,True,False,False,8,1,0
2023-05-30,leg,50673,263860,10,0,1,2,True,False,False,9,1,0
2023-05-30,leg,50673,263860,10,0,1,2,True,False,False,10,1,0
2023-05-30,leg,50263,137409,10,0,1,2,True,False,False,1,1,0
2023-05-30,leg,50263,137409,10,0,1,2,True,False,False,2,1,0
2023-05-30,leg,50263,137409,10,0,1,2,True,False,False,3,1,0
2023-05-30,leg,50263,137409,10,0,1,2,True,False,False,4,1,0
2023-05-30,leg,50263,137409,10,0,1,2,True,False,False,5,1,0
2023-05-30,leg,50263,137409,10,0,1,2,True,False,False,6,1,0
2023-05-30,leg,50263,137409,10,0,1,2,True,False,False,7,1,0
2023-05-30,leg,50263,137409,10,0,1,2,True,False,False,8,1,0
2023-05-30,leg,50263,137409,10,0,1,2,True,False,False,9,1,0
2023-05-30,leg,50263,137409,10,0,1,2,True,False,False,10,1,0
2023-05-30,leg,64127,64139,10,0,1,1,True,False,False,1,1,0
2023-05-30,leg,64127,64139,10,0,1,1,True,False,False,2,1,0
2023-05-30,leg,64127,64139,10,0,1,1,True,False,False,3,1,0
2023-05-30,leg,64127,64139,10,0,1,1,True,False,False,4,1,0
2023-05-30,leg,64127,64139,10,0,1,1,True,False,False,5,1,0
2023-05-30,leg,64127,64139,10,0,1,1,True,False,False,6,1,0
2023-05-30,leg,64127,64139,10,0,1,1,True,False,False,7,1,0
2023-05-30,leg,64127,64139,10,0,1,1,True,False,False,8,1,0
2023-05-30,leg,64127,64139,10,0,1,1,True,False,False,9,1,0
2023-05-30,leg,64127,64139,10,0,1,1,True,False,False,10,1,0
2023-05-30,leg,58057,266160,10,0,5,"1,2",False,False,False,1,5,0
2023-05-30,leg,58057,266160,10,0,5,"1,2",False,False,False,2,5,0
2023-05-30,leg,58057,266160,10,0,5,"1,2",False,False,False,3,5,0
2023-05-30,leg,58057,266160,10,0,5,"1,2",False,False,False,4,5,0
2023-05-30,leg,58057,266160,10,0,5,"1,2",False,False,False,5,5,0
2023-05-30,leg,58057,266160,10,0,5,"1,2",False,False,False,6,5,0
2023-05-30,leg,58057,266160,10,0,5,"1,2",False,False,False,7,5,0
2023-05-30,leg,58057,266160,10,0,5,"1,2",False,False,False,8,5,0
2023-05-30,leg,58057,266160,10,0,5,"1,2",False,False,False,9,5,0
2023-05-30,leg,58057,266160,10,0,5,"1,2",False,False,False,10,5,0
2023-05-30,leg,262474,273763,10,0,262,1,True,False,False,1,262,0
2023-05-30,leg,262474,273763,10,0,262,1,True,False,False,2,262,0
2023-05-30,leg,262474,273763,10,0,262,1,True,False,False,3,262,0
2023-05-30,leg,262474,273763,10,0,262,1,True,False,False,4,262,0
2023-05-30,leg,262474,273763,10,0,262,1,True,False,False,5,262,0
2023-05-30,leg,262474,273763,10,0,262,1,True,False,False,6,262,0
2023-05-30,leg,262474,273763,10,0,262,1,True,False,False,7,262,0
2023-05-30,leg,262474,273763,10,0,262,1,True,False,False,8,262,0
2023-05-30,leg,262474,273763,10,0,262,1,True,False,False,9,262,0
2023-05-30,leg,262474,273763,10,0,262,1,True,False,False,10,262,0
2023-05-30,leg,17639,35506,10,0,1,1,True,False,True,1,1,0
2023-05-30,leg,17639,35506,10,0,1,1,True,False,True,2,1,0
2023-05-30,leg,17639,35506,10,0,1,1,True,False,True,3,1,0
2023-05-30,leg,17639,35506,10,0,1,1,True,False,True,4,1,0
2023-05-30,leg,17639,35506,10,0,1,1,True,False,True,5,1,0
2023-05-30,leg,17639,35506,10,0,1,1,True,False,True,6,1,0
2023-05-30,leg,17639,35506,10,0,1,1,True,False,True,7,1,0
2023-05-30,leg,17639,35506,10,0,1,1,True,False,True,8,1,0
2023-05-30,leg,17639,35506,10,0,1,1,True,False,True,9,1,0
2023-05-30,leg,17639,35506,10,0,1,1,True,False,True,10,1,0
2023-05-30,leg,17639,37492,10,0,1,1,True,False,True,1,1,0
2023-05-30,leg,17639,37492,10,0,1,1,True,False,True,2,1,0
2023-05-30,leg,17639,37492,10,0,1,1,True,False,True,3,1,0
2023-05-30,leg,17639,37492,10,0,1,1,True,False,True,4,1,0
2023-05-30,leg,17639,37492,10,0,1,1,True,False,True,5,1,0
2023-05-30,leg,17639,37492,10,0,1,1,True,False,True,6,1,0
2023-05-30,leg,17639,37492,10,0,1,1,True,False,True,7,1,0
2023-05-30,leg,17639,37492,10,0,1,1,True,False,True,8,1,0
2023-05-30,leg,17639,37492,10,0,1,1,True,False,True,9,1,0
2023-05-30,leg,17639,37492,10,0,1,1,True,False,True,10,1,0
2023-05-30,leg,47631,200780,10,0,1,1,True,False,False,1,1,0
2023-05-30,leg,47631,200780,10,0,1,1,True,False,False,2,1,0
2023-05-30,leg,47631,200780,10,0,1,1,True,False,False,3,1,0
2023-05-30,leg,47631,200780,10,0,1,1,True,False,False,4,1,0
2023-05-30,leg,47631,200780,10,0,1,1,True,False,False,5,1,0
2023-05-30,leg,47631,200780,10,0,1,1,True,False,False,6,1,0
2023-05-30,leg,47631,200780,10,0,1,1,True,False,False,7,1,0
2023-05-30,leg,47631,200780,10,0,1,1,True,False,False,8,1,0
2023-05-30,leg,47631,200780,10,0,1,1,True,False,False,9,1,0
2023-05-30,leg,47631,200780,10,0,1,1,True,False,False,10,1,0
2023-05-30,leg,9129,328490,10,0,158,1,True,False,False,1,158,0
2023-05-30,leg,9129,328490,10,0,158,1,True,False,False,2,158,0
2023-05-30,leg,9129,328490,10,0,158,1,True,False,False,3,158,0
2023-05-30,leg,9129,328490,10,0,158,1,True,False,False,4,158,0
2023-05-30,leg,9129,328490,10,0,158,1,True,False,False,5,158,0
2023-05-30,leg,9129,328490,10,0,158,1,True,False,False,6,158,0
2023-05-30,leg,9129,328490,10,0,158,1,True,False,False,7,158,0
2023-05-30,leg,9129,328490,10,0,158,1,True,False,False,8,158,0
2023-05-30,leg,9129,328490,10,0,158,1,True,False,False,9,158,0
2023-05-30,leg,9129,328490,10,0,158,1,True,False,False,10,158,0
2023-05-30,leg,17639,32244,10,0,1,2,True,False,True,1,1,0
2023-05-30,leg,17639,32244,10,0,1,2,True,False,True,2,1,0
2023-05-30,leg,17639,32244,10,0,1,2,True,False,True,3,1,0
2023-05-30,leg,17639,32244,10,0,1,2,True,False,True,4,1,0
2023-05-30,leg,17639,32244,10,0,1,2,True,False,True,5,1,0
2023-05-30,leg,17639,32244,10,0,1,2,True,False,True,6,1,0
2023-05-30,leg,17639,32244,10,0,1,2,True,False,True,7,1,0
2023-05-30,leg,17639,32244,10,0,1,2,True,False,True,8,1,0
2023-05-30,leg,17639,32244,10,0,1,2,True,False,True,9,1,0
2023-05-30,leg,17639,32244,10,0,1,2,True,False,True,10,1,0
2023-05-30,leg,17639,39563,10,0,1,1,True,False,True,1,1,0
2023-05-30,leg,17639,39563,10,0,1,1,True,False,True,2,1,0
2023-05-30,leg,17639,39563,10,0,1,1,True,False,True,3,1,0
2023-05-30,leg,17639,39563,10,0,1,1,True,False,True,4,1,0
2023-05-30,leg,17639,39563,10,0,1,1,True,False,True,5,1,0
2023-05-30,leg,17639,39563,10,0,1,1,True,False,True,6,1,0
2023-05-30,leg,17639,39563,10,0,1,1,True,False,True,7,1,0
2023-05-30,leg,17639,39563,10,0,1,1,True,False,True,8,1,0
2023-05-30,leg,17639,39563,10,0,1,1,True,False,True,9,1,0
2023-05-30,leg,17639,39563,10,0,1,1,True,False,True,10,1,0
2023-05-30,leg,17639,269387,10,0,1,1,True,False,True,1,1,0
2023-05-30,leg,17639,269387,10,0,1,1,True,False,True,2,1,0
2023-05-30,leg,17639,269387,10,0,1,1,True,False,True,3,1,0
2023-05-30,leg,17639,269387,10,0,1,1,True,False,True,4,1,0
2023-05-30,leg,17639,269387,10,0,1,1,True,False,True,5,1,0
2023-05-30,leg,17639,269387,10,0,1,1,True,False,True,6,1,0
2023-05-30,leg,17639,269387,10,0,1,1,True,False,True,7,1,0
2023-05-30,leg,17639,269387,10,0,1,1,True,False,True,8,1,0
2023-05-30,leg,17639,269387,10,0,1,1,True,False,True,9,1,0
2023-05-30,leg,17639,269387,10,0,1,1,True,False,True,10,1,0
2023-05-30,leg,6774,50624,10,0,1,1,True,False,False,1,1,0
2023-05-30,leg,6774,50624,10,0,1,1,True,False,False,2,1,0
2023-05-30,leg,6774,50624,10,0,1,1,True,False,False,3,1,0
2023-05-30,leg,6774,50624,10,0,1,1,True,False,False,4,1,0
2023-05-30,leg,6774,50624,10,0,1,1,True,False,False,5,1,0
2023-05-30,leg,6774,50624,10,0,1,1,True,False,False,6,1,0
2023-05-30,leg,6774,50624,10,0,1,1,True,False,False,7,1,0
2023-05-30,leg,6774,50624,10,0,1,1,True,False,False,8,1,0
2023-05-30,leg,6774,50624,10,0,1,1,True,False,False,9,1,0
2023-05-30,leg,6774,50624,10,0,1,1,True,False,False,10,1,0
2023-05-30,leg,51847,61112,10,0,263,1,True,False,False,1,263,0
2023-05-30,leg,51847,61112,10,0,263,1,True,False,False,2,263,0
2023-05-30,leg,51847,61112,10,0,263,1,True,False,False,3,263,0
2023-05-30,leg,51847,61112,10,0,263,1,True,False,False,4,263,0
2023-05-30,leg,51847,61112,10,0,263,1,True,False,False,5,263,0
2023-05-30,leg,51847,61112,10,0,263,1,True,False,False,6,263,0
2023-05-30,leg,51847,61112,10,0,263,1,True,False,False,7,263,0
2023-05-30,leg,51847,61112,10,0,263,1,True,False,False,8,263,0
2023-05-30,leg,51847,61112,10,0,263,1,True,False,False,9,263,0
2023-05-30,leg,51847,61112,10,0,263,1,True,False,False,10,263,0
2023-05-30,leg,17639,209608,10,0,1,1,True,False,True,1,1,0
2023-05-30,leg,17639,209608,10,0,1,1,True,False,True,2,1,0
2023-05-30,leg,17639,209608,10,0,1,1,True,False,True,3,1,0
2023-05-30,leg,17639,209608,10,0,1,1,True,False,True,4,1,0
2023-05-30,leg,17639,209608,10,0,1,1,True,False,True,5,1,0
2023-05-30,leg,17639,209608,10,0,1,1,True,False,True,6,1,0
2023-05-30,leg,17639,209608,10,0,1,1,True,False,True,7,1,0
2023-05-30,leg,17639,209608,10,0,1,1,True,False,True,8,1,0
2023-05-30,leg,17639,209608,10,0,1,1,True,False,True,9,1,0
2023-05-30,leg,17639,209608,10,0,1,1,True,False,True,10,1,0
2023-05-30,leg,17639,269243,10,0,1,1,True,False,True,1,1,0
2023-05-30,leg,17639,269243,10,0,1,1,True,False,True,2,1,0
2023-05-30,leg,17639,269243,10,0,1,1,True,False,True,3,1,0
2023-05-30,leg,17639,269243,10,0,1,1,True,False,True,4,1,0
2023-05-30,leg,17639,269243,10,0,1,1,True,False,True,5,1,0
2023-05-30,leg,17639,269243,10,0,1,1,True,False,True,6,1,0
2023-05-30,leg,17639,269243,10,0,1,1,True,False,True,7,1,0
2023-05-30,leg,17639,269243,10,0,1,1,True,False,True,8,1,0
2023-05-30,leg,17639,269243,10,0,1,1,True,False,True,9,1,0
2023-05-30,leg,17639,269243,10,0,1,1,True,False,True,10,1,0
2023-05-30,leg,8447,197198,10,0,128,1,True,False,False,1,128,0
2023-05-30,leg,8447,197198,10,0,128,1,True,False,False,2,128,0
2023-05-30,leg,8447,197198,10,0,128,1,True,False,False,3,128,0
2023-05-30,leg,8447,197198,10,0,128,1,True,False,False,4,128,0
2023-05-30,leg,8447,197198,10,0,128,1,True,False,False,5,128,0
2023-05-30,leg,8447,197198,10,0,128,1,True,False,False,6,128,0
2023-05-30,leg,8447,197198,10,0,128,1,True,False,False,7,128,0
2023-05-30,leg,8447,197198,10,0,128,1,True,False,False,8,128,0
2023-05-30,leg,8447,197198,10,0,128,1,True,False,False,9,128,0
2023-05-30,leg,8447,197198,10,0,128,1,True,False,False,10,128,0
2023-05-30,leg,17639,211041,10,0,1,1,True,False,True,1,1,0
2023-05-30,leg,17639,211041,10,0,1,1,True,False,True,2,1,0
2023-05-30,leg,17639,211041,10,0,1,1,True,False,True,3,1,0
2023-05-30,leg,17639,211041,10,0,1,1,True,False,True,4,1,0
2023-05-30,leg,17639,211041,10,0,1,1,True,False,True,5,1,0
2023-05-30,leg,17639,211041,10,0,1,1,True,False,True,6,1,0
2023-05-30,leg,17639,211041,10,0,1,1,True,False,True,7,1,0
2023-05-30,leg,17639,211041,10,0,1,1,True,False,True,8,1,0
2023-05-30,leg,17639,211041,10,0,1,1,True,False,True,9,1,0
2023-05-30,leg,17639,211041,10,0,1,1,True,False,True,10,1,0
2023-05-30,leg,17639,57476,10,0,1,1,True,False,True,1,1,0
2023-05-30,leg,17639,57476,10,0,1,1,True,False,True,2,1,0
2023-05-30,leg,17639,57476,10,0,1,1,True,False,True,3,1,0
2023-05-30,leg,17639,57476,10,0,1,1,True,False,True,4,1,0
2023-05-30,leg,17639,57476,10,0,1,1,True,False,True,5,1,0
2023-05-30,leg,17639,57476,10,0,1,1,True,False,True,6,1,0
2023-05-30,leg,17639,57476,10,0,1,1,True,False,True,7,1,0
2023-05-30,leg,17639,57476,10,0,1,1,True,False,True,8,1,0
2023-05-30,leg,17639,57476,10,0,1,1,True,False,True,9,1,0
2023-05-30,leg,17639,57476,10,0,1,1,True,False,True,10,1,0
2023-05-30,leg,17639,51060,10,0,2,"1,2",True,False,True,1,2,0
2023-05-30,leg,17639,51060,10,0,2,"1,2",True,False,True,2,2,0
2023-05-30,leg,17639,51060,10,0,2,"1,2",True,False,True,3,2,0
2023-05-30,leg,17639,51060,10,0,2,"1,2",True,False,True,4,2,0
2023-05-30,leg,17639,51060,10,0,2,"1,2",True,False,True,5,2,0
2023-05-30,leg,17639,51060,10,0,2,"1,2",True,False,True,6,2,0
2023-05-30,leg,17639,51060,10,0,2,"1,2",True,False,True,7,2,0
2023-05-30,leg,17639,51060,10,0,2,"1,2",True,False,True,8,2,0
2023-05-30,leg,17639,51060,10,0,2,"1,2",True,False,True,9,2,0
2023-05-30,leg,17639,51060,10,0,2,"1,2",True,False,True,10,2,0
2023-05-30,leg,14907,41118,10,0,1,1,True,False,True,1,1,0
2023-05-30,leg,14907,41118,10,0,1,1,True,False,True,2,1,0
2023-05-30,leg,14907,41118,10,0,1,1,True,False,True,3,1,0
2023-05-30,leg,14907,41118,10,0,1,1,True,False,True,4,1,0
2023-05-30,leg,14907,41118,10,0,1,1,True,False,True,5,1,0
2023-05-30,leg,14907,41118,10,0,1,1,True,False,True,6,1,0
2023-05-30,leg,14907,41118,10,0,1,1,True,False,True,7,1,0
2023-05-30,leg,14907,41118,10,0,1,1,True,False,True,8,1,0
2023-05-30,leg,14907,41118,10,0,1,1,True,False,True,9,1,0
2023-05-30,leg,14907,41118,10,0,1,1,True,False,True,10,1,0
2023-05-30,leg,17639,51590,10,0,1,1,True,False,True,1,1,0
2023-05-30,leg,17639,51590,10,0,1,1,True,False,True,2,1,0
2023-05-30,leg,17639,51590,10,0,1,1,True,False,True,3,1,0
2023-05-30,leg,17639,51590,10,0,1,1,True,False,True,4,1,0
2023-05-30,leg,17639,51590,10,0,1,1,True,False,True,5,1,0
2023-05-30,leg,17639,51590,10,0,1,1,True,False,True,6,1,0
2023-05-30,leg,17639,51590,10,0,1,1,True,False,True,7,1,0
2023-05-30,leg,17639,51590,10,0,1,1,True,False,True,8,1,0
2023-05-30,leg,17639,51590,10,0,1,1,True,False,True,9,1,0
2023-05-30,leg,17639,51590,10,0,1,1,True,False,True,10,1,0
2023-05-30,leg,52965,273758,10,0,158,1,True,False,False,1,158,0
2023-05-30,leg,52965,273758,10,0,158,1,True,False,False,2,158,0
2023-05-30,leg,52965,273758,10,0,158,1,True,False,False,3,158,0
2023-05-30,leg,52965,273758,10,0,158,1,True,False,False,4,158,0
2023-05-30,leg,52965,273758,10,0,158,1,True,False,False,5,158,0
2023-05-30,leg,52965,273758,10,0,158,1,True,False,False,6,158,0
2023-05-30,leg,52965,273758,10,0,158,1,True,False,False,7,158,0
2023-05-30,leg,52965,273758,10,0,158,1,True,False,False,8,158,0
2023-05-30,leg,52965,273758,10,0,158,1,True,False,False,9,157,1
2023-05-30,leg,52965,273758,10,0,158,1,True,False,False,10,149,9
2023-05-30,leg,17639,198595,10,0,1,1,True,False,True,1,1,0
2023-05-30,leg,17639,198595,10,0,1,1,True,False,True,2,1,0
2023-05-30,leg,17639,198595,10,0,1,1,True,False,True,3,1,0
2023-05-30,leg,17639,198595,10,0,1,1,True,False,True,4,1,0
2023-05-30,leg,17639,198595,10,0,1,1,True,False,True,5,1,0
2023-05-30,leg,17639,198595,10,0,1,1,True,False,True,6,1,0
2023-05-30,leg,17639,198595,10,0,1,1,True,False,True,7,1,0
2023-05-30,leg,17639,198595,10,0,1,1,True,False,True,8,1,0
2023-05-30,leg,17639,198595,10,0,1,1,True,False,True,9,1,0
2023-05-30,leg,17639,198595,10,0,1,1,True,False,True,10,1,0
2023-05-30,leg,17639,205685,10,0,1,1,True,False,True,1,1,0
2023-05-30,leg,17639,205685,10,0,1,1,True,False,True,2,1,0
2023-05-30,leg,17639,205685,10,0,1,1,True,False,True,3,1,0
2023-05-30,leg,17639,205685,10,0,1,1,True,False,True,4,1,0
2023-05-30,leg,17639,205685,10,0,1,1,True,False,True,5,1,0
2023-05-30,leg,17639,205685,10,0,1,1,True,False,True,6,1,0
2023-05-30,leg,17639,205685,10,0,1,1,True,False,True,7,1,0
2023-05-30,leg,17639,205685,10,0,1,1,True,False,True,8,1,0
2023-05-30,leg,17639,205685,10,0,1,1,True,False,True,9,1,0
2023-05-30,leg,17639,205685,10,0,1,1,True,False,True,10,1,0
2023-05-30,leg,17639,52794,10,0,2,"1,2",True,False,True,1,2,0
2023-05-30,leg,17639,52794,10,0,2,"1,2",True,False,True,2,2,0
2023-05-30,leg,17639,52794,10,0,2,"1,2",True,False,True,3,2,0
2023-05-30,leg,17639,52794,10,0,2,"1,2",True,False,True,4,2,0
2023-05-30,leg,17639,52794,10,0,2,"1,2",True,False,True,5,2,0
2023-05-30,leg,17639,52794,10,0,2,"1,2",True,False,True,6,2,0
2023-05-30,leg,17639,52794,10,0,2,"1,2",True,False,True,7,2,0
2023-05-30,leg,17639,52794,10,0,2,"1,2",True,False,True,8,2,0
2023-05-30,leg,17639,52794,10,0,2,"1,2",True,False,True,9,2,0
2023-05-30,leg,17639,52794,10,0,2,"1,2",True,False,True,10,2,0
2023-05-30,leg,262444,270814,10,0,87,1,True,False,False,1,87,0
2023-05-30,leg,262444,270814,10,0,87,1,True,False,False,2,87,0
2023-05-30,leg,262444,270814,10,0,87,1,True,False,False,3,87,0
2023-05-30,leg,262444,270814,10,0,87,1,True,False,False,4,87,0
2023-05-30,leg,262444,270814,10,0,87,1,True,False,False,5,87,0
2023-05-30,leg,262444,270814,10,0,87,1,True,False,False,6,87,0
2023-05-30,leg,262444,270814,10,0,87,1,True,False,False,7,87,0
2023-05-30,leg,262444,270814,10,0,87,1,True,False,False,8,87,0
2023-05-30,leg,262444,270814,10,0,87,1,True,False,False,9,87,0
2023-05-30,leg,262444,270814,10,0,87,1,True,False,False,10,87,0
2023-05-30,leg,17639,200437,10,0,1,1,True,False,True,1,1,0
2023-05-30,leg,17639,200437,10,0,1,1,True,False,True,2,1,0
2023-05-30,leg,17639,200437,10,0,1,1,True,False,True,3,1,0
2023-05-30,leg,17639,200437,10,0,1,1,True,False,True,4,1,0
2023-05-30,leg,17639,200437,10,0,1,1,True,False,True,5,1,0
2023-05-30,leg,17639,200437,10,0,1,1,True,False,True,6,1,0
2023-05-30,leg,17639,200437,10,0,1,1,True,False,True,7,1,0
2023-05-30,leg,17639,200437,10,0,1,1,True,False,True,8,1,0
2023-05-30,leg,17639,200437,10,0,1,1,True,False,True,9,1,0
2023-05-30,leg,17639,200437,10,0,1,1,True,False,True,10,1,0
2023-05-30,leg,17639,199390,10,0,1,1,True,False,True,1,1,0
2023-05-30,leg,17639,199390,10,0,1,1,True,False,True,2,1,0
2023-05-30,leg,17639,199390,10,0,1,1,True,False,True,3,1,0
2023-05-30,leg,17639,199390,10,0,1,1,True,False,True,4,1,0
2023-05-30,leg,17639,199390,10,0,1,1,True,False,True,5,1,0
2023-05-30,leg,17639,199390,10,0,1,1,True,False,True,6,1,0
2023-05-30,leg,17639,199390,10,0,1,1,True,False,True,7,1,0
2023-05-30,leg,17639,199390,10,0,1,1,True,False,True,8,1,0
2023-05-30,leg,17639,199390,10,0,1,1,True,False,True,9,1,0
2023-05-30,leg,17639,199390,10,0,1,1,True,False,True,10,1,0
2023-05-30,leg,16080,17639,10,0,2,"1,2",True,False,True,1,2,0
2023-05-30,leg,16080,17639,10,0,2,"1,2",True,False,True,2,2,0
2023-05-30,leg,16080,17639,10,0,2,"1,2",True,False,True,3,2,0
2023-05-30,leg,16080,17639,10,0,2,"1,2",True,False,True,4,2,0
2023-05-30,leg,16080,17639,10,0,2,"1,2",True,False,True,5,2,0
2023-05-30,leg,16080,17639,10,0,2,"1,2",True,False,True,6,2,0
2023-05-30,leg,16080,17639,10,0,2,"1,2",True,False,True,7,2,0
2023-05-30,leg,16080,17639,10,0,2,"1,2",True,False,True,8,2,0
2023-05-30,leg,16080,17639,10,0,2,"1,2",True,False,True,9,2,0
2023-05-30,leg,16080,17639,10,0,2,"1,2",True,False,True,10,2,0
2023-05-30,leg,20932,206446,10,0,1,1,True,False,True,1,1,0
2023-05-30,leg,20932,206446,10,0,1,1,True,False,True,2,1,0
2023-05-30,leg,20932,206446,10,0,1,1,True,False,True,3,1,0
2023-05-30,leg,20932,206446,10,0,1,1,True,False,True,4,1,0
2023-05-30,leg,20932,206446,10,0,1,1,True,False,True,5,1,0
2023-05-30,leg,20932,206446,10,0,1,1,True,False,True,6,1,0
2023-05-30,leg,20932,206446,10,0,1,1,True,False,True,7,1,0
2023-05-30,leg,20932,206446,10,0,1,1,True,False,True,8,1,0
2023-05-30,leg,20932,206446,10,0,1,1,True,False,True,9,1,0
2023-05-30,leg,20932,206446,10,0,1,1,True,False,True,10,1,0
2023-05-30,leg,17639,39409,10,0,1,1,True,False,True,1,1,0
2023-05-30,leg,17639,39409,10,0,1,1,True,False,True,2,1,0
2023-05-30,leg,17639,39409,10,0,1,1,True,False,True,3,1,0
2023-05-30,leg,17639,39409,10,0,1,1,True,False,True,4,1,0
2023-05-30,leg,17639,39409,10,0,1,1,True,False,True,5,1,0
2023-05-30,leg,17639,39409,10,0,1,1,True,False,True,6,1,0
2023-05-30,leg,17639,39409,10,0,1,1,True,False,True,7,1,0
2023-05-30,leg,17639,39409,10,0,1,1,True,False,True,8,1,0
2023-05-30,leg,17639,39409,10,0,1,1,True,False,True,9,1,0
2023-05-30,leg,17639,39409,10,0,1,1,True,False,True,10,1,0
2023-05-30,leg,3267,203514,10,0,1,1,True,False,True,1,1,0
2023-05-30,leg,3267,203514,10,0,1,1,True,False,True,2,1,0
2023-05-30,leg,3267,203514,10,0,1,1,True,False,True,3,1,0
2023-05-30,leg,3267,203514,10,0,1,1,True,False,True,4,1,0
2023-05-30,leg,3267,203514,10,0,1,1,True,False,True,5,1,0
2023-05-30,leg,3267,203514,10,0,1,1,True,False,True,6,1,0
2023-05-30,leg,3267,203514,10,0,1,1,True,False,True,7,1,0
2023-05-30,leg,3267,203514,10,0,1,1,True,False,True,8,1,0
2023-05-30,leg,3267,203514,10,0,1,1,True,False,True,9,1,0
2023-05-30,leg,3267,203514,10,0,1,1,True,False,True,10,1,0
2023-05-30,leg,17639,50520,10,0,1,1,True,False,True,1,1,0
2023-05-30,leg,17639,50520,10,0,1,1,True,False,True,2,1,0
2023-05-30,leg,17639,50520,10,0,1,1,True,False,True,3,1,0
2023-05-30,leg,17639,50520,10,0,1,1,True,False,True,4,1,0
2023-05-30,leg,17639,50520,10,0,1,1,True,False,True,5,1,0
2023-05-30,leg,17639,50520,10,0,1,1,True,False,True,6,1,0
2023-05-30,leg,17639,50520,10,0,1,1,True,False,True,7,1,0
2023-05-30,leg,17639,50520,10,0,1,1,True,False,True,8,1,0
2023-05-30,leg,17639,50520,10,0,1,1,True,False,True,9,1,0
2023-05-30,leg,17639,50520,10,0,1,1,True,False,True,10,1,0
2023-05-30,leg,149409,149925,10,0,5,1,True,False,False,1,5,0
2023-05-30,leg,149409,149925,10,0,5,1,True,False,False,2,5,0
2023-05-30,leg,149409,149925,10,0,5,1,True,False,False,3,5,0
2023-05-30,leg,149409,149925,10,0,5,1,True,False,False,4,5,0
2023-05-30,leg,149409,149925,10,0,5,1,True,False,False,5,5,0
2023-05-30,leg,149409,149925,10,0,5,1,True,False,False,6,5,0
2023-05-30,leg,149409,149925,10,0,5,1,True,False,False,7,5,0
2023-05-30,leg,149409,149925,10,0,5,1,True,False,False,8,5,0
2023-05-30,leg,149409,149925,10,0,5,1,True,False,False,9,5,0
2023-05-30,leg,149409,149925,10,0,5,1,True,False,False,10,5,0
2023-05-30,leg,17639,212608,10,0,1,1,True,False,True,1,1,0
2023-05-30,leg,17639,212608,10,0,1,1,True,False,True,2,1,0
2023-05-30,leg,17639,212608,10,0,1,1,True,False,True,3,1,0
2023-05-30,leg,17639,212608,10,0,1,1,True,False,True,4,1,0
2023-05-30,leg,17639,212608,10,0,1,1,True,False,True,5,1,0
2023-05-30,leg,17639,212608,10,0,1,1,True,False,True,6,1,0
2023-05-30,leg,17639,212608,10,0,1,1,True,False,True,7,1,0
2023-05-30,leg,17639,212608,10,0,1,1,True,False,True,8,1,0
2023-05-30,leg,17639,212608,10,0,1,1,True,False,True,9,1,0
2023-05-30,leg,17639,212608,10,0,1,1,True,False,True,10,1,0
2023-05-30,leg,16110,17639,10,0,1,1,True,False,True,1,1,0
2023-05-30,leg,16110,17639,10,0,1,1,True,False,True,2,1,0
2023-05-30,leg,16110,17639,10,0,1,1,True,False,True,3,1,0
2023-05-30,leg,16110,17639,10,0,1,1,True,False,True,4,1,0
2023-05-30,leg,16110,17639,10,0,1,1,True,False,True,5,1,0
2023-05-30,leg,16110,17639,10,0,1,1,True,False,True,6,1,0
2023-05-30,leg,16110,17639,10,0,1,1,True,False,True,7,1,0
2023-05-30,leg,16110,17639,10,0,1,1,True,False,True,8,1,0
2023-05-30,leg,16110,17639,10,0,1,1,True,False,True,9,1,0
2023-05-30,leg,16110,17639,10,0,1,1,True,False,True,10,1,0
2023-05-30,leg,35661,211267,10,0,17,1,True,False,False,1,17,0
2023-05-30,leg,35661,211267,10,0,17,1,True,False,False,2,17,0
2023-05-30,leg,35661,211267,10,0,17,1,True,False,False,3,17,0
2023-05-30,leg,35661,211267,10,0,17,1,True,False,False,4,17,0
2023-05-30,leg,35661,211267,10,0,17,1,True,False,False,5,17,0
2023-05-30,leg,35661,211267,10,0,17,1,True,False,False,6,17,0
2023-05-30,leg,35661,211267,10,0,17,1,True,False,False,7,17,0
2023-05-30,leg,35661,211267,10,0,17,1,True,False,False,8,17,0
2023-05-30,leg,35661,211267,10,0,17,1,True,False,False,9,17,0
2023-05-30,leg,35661,211267,10,0,17,1,True,False,False,10,17,0
2023-05-30,leg,209,395883,10,0,14,1,True,False,False,1,11,3
2023-05-30,leg,209,395883,10,0,14,1,True,False,False,2,11,3
2023-05-30,leg,209,395883,10,0,14,1,True,False,False,3,11,3
2023-05-30,leg,209,395883,10,0,14,1,True,False,False,4,11,3
2023-05-30,leg,209,395883,10,0,14,1,True,False,False,5,11,3
2023-05-30,leg,209,395883,10,0,14,1,True,False,False,6,11,3
2023-05-30,leg,209,395883,10,0,14,1,True,False,False,7,11,3
2023-05-30,leg,209,395883,10,0,14,1,True,False,False,8,11,3
2023-05-30,leg,209,395883,10,0,14,1,True,False,False,9,11,3
2023-05-30,leg,209,395883,10,0,14,1,True,False,False,10,11,3
2023-05-30,leg,17639,197682,10,0,1,1,True,False,True,1,1,0
2023-05-30,leg,17639,197682,10,0,1,1,True,False,True,2,1,0
2023-05-30,leg,17639,197682,10,0,1,1,True,False,True,3,1,0
2023-05-30,leg,17639,197682,10,0,1,1,True,False,True,4,1,0
2023-05-30,leg,17639,197682,10,0,1,1,True,False,True,5,1,0
2023-05-30,leg,17639,197682,10,0,1,1,True,False,True,6,1,0
2023-05-30,leg,17639,197682,10,0,1,1,True,False,True,7,1,0
2023-05-30,leg,17639,197682,10,0,1,1,True,False,True,8,1,0
2023-05-30,leg,17639,197682,10,0,1,1,True,False,True,9,1,0
2023-05-30,leg,17639,197682,10,0,1,1,True,False,True,10,1,0
2023-05-30,leg,17639,40999,10,0,1,1,True,False,True,1,1,0
2023-05-30,leg,17639,40999,10,0,1,1,True,False,True,2,1,0
2023-05-30,leg,17639,40999,10,0,1,1,True,False,True,3,1,0
2023-05-30,leg,17639,40999,10,0,1,1,True,False,True,4,1,0
2023-05-30,leg,17639,40999,10,0,1,1,True,False,True,5,1,0
2023-05-30,leg,17639,40999,10,0,1,1,True,False,True,6,1,0
2023-05-30,leg,17639,40999,10,0,1,1,True,False,True,7,1,0
2023-05-30,leg,17639,40999,10,0,1,1,True,False,True,8,1,0
2023-05-30,leg,17639,40999,10,0,1,1,True,False,True,9,1,0
2023-05-30,leg,17639,40999,10,0,1,1,True,False,True,10,1,0
2023-05-30,leg,265053,268661,10,0,44,2,True,False,False,1,44,0
2023-05-30,leg,265053,268661,10,0,44,2,True,False,False,2,44,0
2023-05-30,leg,265053,268661,10,0,44,2,True,False,False,3,44,0
2023-05-30,leg,265053,268661,10,0,44,2,True,False,False,4,44,0
2023-05-30,leg,265053,268661,10,0,44,2,True,False,False,5,44,0
2023-05-30,leg,265053,268661,10,0,44,2,True,False,False,6,44,0
2023-05-30,leg,265053,268661,10,0,44,2,True,False,False,7,44,0
2023-05-30,leg,265053,268661,10,0,44,2,True,False,False,8,44,0
2023-05-30,leg,265053,268661,10,0,44,2,True,False,False,9,44,0
2023-05-30,leg,265053,268661,10,0,44,2,True,False,False,10,44,0
2023-05-30,leg,7195,270586,10,0,1,2,True,False,False,1,1,0
2023-05-30,leg,7195,270586,10,0,1,2,True,False,False,2,1,0
2023-05-30,leg,7195,270586,10,0,1,2,True,False,False,3,1,0
2023-05-30,leg,7195,270586,10,0,1,2,True,False,False,4,1,0
2023-05-30,leg,7195,270586,10,0,1,2,True,False,False,5,1,0
2023-05-30,leg,7195,270586,10,0,1,2,True,False,False,6,1,0
2023-05-30,leg,7195,270586,10,0,1,2,True,False,False,7,1,0
2023-05-30,leg,7195,270586,10,0,1,2,True,False,False,8,1,0
2023-05-30,leg,7195,270586,10,0,1,2,True,False,False,9,1,0
2023-05-30,leg,7195,270586,10,0,1,2,True,False,False,10,1,0
2023-05-30,leg,17639,42396,10,0,1,1,True,False,True,1,1,0
2023-05-30,leg,17639,42396,10,0,1,1,True,False,True,2,1,0
2023-05-30,leg,17639,42396,10,0,1,1,True,False,True,3,1,0
2023-05-30,leg,17639,42396,10,0,1,1,True,False,True,4,1,0
2023-05-30,leg,17639,42396,10,0,1,1,True,False,True,5,1,0
2023-05-30,leg,17639,42396,10,0,1,1,True,False,True,6,1,0
2023-05-30,leg,17639,42396,10,0,1,1,True,False,True,7,1,0
2023-05-30,leg,17639,42396,10,0,1,1,True,False,True,8,1,0
2023-05-30,leg,17639,42396,10,0,1,1,True,False,True,9,1,0
2023-05-30,leg,17639,42396,10,0,1,1,True,False,True,10,1,0
2023-05-30,leg,52965,264564,10,0,3185,"1,2,3",True,False,False,1,3185,0
2023-05-30,leg,52965,264564,10,0,3185,"1,2,3",True,False,False,2,3185,0
2023-05-30,leg,52965,264564,10,0,3185,"1,2,3",True,False,False,3,3185,0
2023-05-30,leg,52965,264564,10,0,3185,"1,2,3",True,False,False,4,3185,0
2023-05-30,leg,52965,264564,10,0,3185,"1,2,3",True,False,False,5,3185,0
2023-05-30,leg,52965,264564,10,0,3185,"1,2,3",True,False,False,6,3185,0
2023-05-30,leg,52965,264564,10,0,3185,"1,2,3",True,False,False,7,3185,0
2023-05-30,leg,52965,264564,10,0,3185,"1,2,3",True,False,False,8,3185,0
2023-05-30,leg,52965,264564,10,0,3185,"1,2,3",True,False,False,9,3185,0
2023-05-30,leg,52965,264564,10,0,3185,"1,2,3",True,False,False,10,3185,0
2023-05-30,leg,3204,212568,10,0,1,1,True,False,False,1,1,0
2023-05-30,leg,3204,212568,10,0,1,1,True,False,False,2,1,0
2023-05-30,leg,3204,212568,10,0,1,1,True,False,False,3,1,0
2023-05-30,leg,3204,212568,10,0,1,1,True,False,False,4,1,0
2023-05-30,leg,3204,212568,10,0,1,1,True,False,False,5,1,0
2023-05-30,leg,3204,212568,10,0,1,1,True,False,False,6,1,0
2023-05-30,leg,3204,212568,10,0,1,1,True,False,False,7,1,0
2023-05-30,leg,3204,212568,10,0,1,1,True,False,False,8,1,0
2023-05-30,leg,3204,212568,10,0,1,1,True,False,False,9,1,0
2023-05-30,leg,3204,212568,10,0,1,1,True,False,False,10,1,0
2023-05-30,leg,28260,265264,10,0,152,"1,2,4,6,8",True,False,False,1,152,0
2023-05-30,leg,28260,265264,10,0,152,"1,2,4,6,8",True,False,False,2,152,0
2023-05-30,leg,28260,265264,10,0,152,"1,2,4,6,8",True,False,False,3,152,0
2023-05-30,leg,28260,265264,10,0,152,"1,2,4,6,8",True,False,False,4,152,0
2023-05-30,leg,28260,265264,10,0,152,"1,2,4,6,8",True,False,False,5,152,0
2023-05-30,leg,28260,265264,10,0,152,"1,2,4,6,8",True,False,False,6,152,0
2023-05-30,leg,28260,265264,10,0,152,"1,2,4,6,8",True,False,False,7,152,0
2023-05-30,leg,28260,265264,10,0,152,"1,2,4,6,8",True,False,False,8,152,0
2023-05-30,leg,28260,265264,10,0,152,"1,2,4,6,8",True,False,False,9,152,0
2023-05-30,leg,28260,265264,10,0,152,"1,2,4,6,8",True,False,False,10,152,0
2023-05-30,leg,7721,212085,10,0,1,1,True,False,True,1,1,0
2023-05-30,leg,7721,212085,10,0,1,1,True,False,True,2,1,0
2023-05-30,leg,7721,212085,10,0,1,1,True,False,True,3,1,0
2023-05-30,leg,7721,212085,10,0,1,1,True,False,True,4,1,0
2023-05-30,leg,7721,212085,10,0,1,1,True,False,True,5,1,0
2023-05-30,leg,7721,212085,10,0,1,1,True,False,True,6,1,0
2023-05-30,leg,7721,212085,10,0,1,1,True,False,True,7,1,0
2023-05-30,leg,7721,212085,10,0,1,1,True,False,True,8,1,0
2023-05-30,leg,7721,212085,10,0,1,1,True,False,True,9,1,0
2023-05-30,leg,7721,212085,10,0,1,1,True,False,True,10,1,0
2023-05-30,leg,29838,203851,10,0,1,2,True,False,False,1,1,0
2023-05-30,leg,29838,203851,10,0,1,2,True,False,False,2,1,0
2023-05-30,leg,29838,203851,10,0,1,2,True,False,False,3,1,0
2023-05-30,leg,29838,203851,10,0,1,2,True,False,False,4,1,0
2023-05-30,leg,29838,203851,10,0,1,2,True,False,False,5,1,0
2023-05-30,leg,29838,203851,10,0,1,2,True,False,False,6,1,0
2023-05-30,leg,29838,203851,10,0,1,2,True,False,False,7,1,0
2023-05-30,leg,29838,203851,10,0,1,2,True,False,False,8,1,0
2023-05-30,leg,29838,203851,10,0,1,2,True,False,False,9,1,0
2023-05-30,leg,29838,203851,10,0,1,2,True,False,False,10,1,0
2023-05-30,leg,17639,39808,10,0,1,1,True,False,True,1,1,0
2023-05-30,leg,17639,39808,10,0,1,1,True,False,True,2,1,0
2023-05-30,leg,17639,39808,10,0,1,1,True,False,True,3,1,0
2023-05-30,leg,17639,39808,10,0,1,1,True,False,True,4,1,0
2023-05-30,leg,17639,39808,10,0,1,1,True,False,True,5,1,0
2023-05-30,leg,17639,39808,10,0,1,1,True,False,True,6,1,0
2023-05-30,leg,17639,39808,10,0,1,1,True,False,True,7,1,0
2023-05-30,leg,17639,39808,10,0,1,1,True,False,True,8,1,0
2023-05-30,leg,17639,39808,10,0,1,1,True,False,True,9,1,0
2023-05-30,leg,17639,39808,10,0,1,1,True,False,True,10,1,0
2023-05-30,leg,17639,209817,10,0,1,1,True,False,True,1,1,0
2023-05-30,leg,17639,209817,10,0,1,1,True,False,True,2,1,0
2023-05-30,leg,17639,209817,10,0,1,1,True,False,True,3,1,0
2023-05-30,leg,17639,209817,10,0,1,1,True,False,True,4,1,0
2023-05-30,leg,17639,209817,10,0,1,1,True,False,True,5,1,0
2023-05-30,leg,17639,209817,10,0,1,1,True,False,True,6,1,0
2023-05-30,leg,17639,209817,10,0,1,1,True,False,True,7,1,0
2023-05-30,leg,17639,209817,10,0,1,1,True,False,True,8,1,0
2023-05-30,leg,17639,209817,10,0,1,1,True,False,True,9,1,0
2023-05-30,leg,17639,209817,10,0,1,1,True,False,True,10,1,0
2023-05-30,leg,17639,205243,10,0,1,1,True,False,True,1,1,0
2023-05-30,leg,17639,205243,10,0,1,1,True,False,True,2,1,0
2023-05-30,leg,17639,205243,10,0,1,1,True,False,True,3,1,0
2023-05-30,leg,17639,205243,10,0,1,1,True,False,True,4,1,0
2023-05-30,leg,17639,205243,10,0,1,1,True,False,True,5,1,0
2023-05-30,leg,17639,205243,10,0,1,1,True,False,True,6,1,0
2023-05-30,leg,17639,205243,10,0,1,1,True,False,True,7,1,0
2023-05-30,leg,17639,205243,10,0,1,1,True,False,True,8,1,0
2023-05-30,leg,17639,205243,10,0,1,1,True,False,True,9,1,0
2023-05-30,leg,17639,205243,10,0,1,1,True,False,True,10,1,0
2023-05-30,leg,17639,31298,10,0,1,1,True,False,True,1,1,0
2023-05-30,leg,17639,31298,10,0,1,1,True,False,True,2,1,0
2023-05-30,leg,17639,31298,10,0,1,1,True,False,True,3,1,0
2023-05-30,leg,17639,31298,10,0,1,1,True,False,True,4,1,0
2023-05-30,leg,17639,31298,10,0,1,1,True,False,True,5,1,0
2023-05-30,leg,17639,31298,10,0,1,1,True,False,True,6,1,0
2023-05-30,leg,17639,31298,10,0,1,1,True,False,True,7,1,0
2023-05-30,leg,17639,31298,10,0,1,1,True,False,True,8,1,0
2023-05-30,leg,17639,31298,10,0,1,1,True,False,True,9,1,0
2023-05-30,leg,17639,31298,10,0,1,1,True,False,True,10,1,0
2023-05-30,leg,17639,34187,10,0,1,1,True,False,True,1,1,0
2023-05-30,leg,17639,34187,10,0,1,1,True,False,True,2,1,0
2023-05-30,leg,17639,34187,10,0,1,1,True,False,True,3,1,0
2023-05-30,leg,17639,34187,10,0,1,1,True,False,True,4,1,0
2023-05-30,leg,17639,34187,10,0,1,1,True,False,True,5,1,0
2023-05-30,leg,17639,34187,10,0,1,1,True,False,True,6,1,0
2023-05-30,leg,17639,34187,10,0,1,1,True,False,True,7,1,0
2023-05-30,leg,17639,34187,10,0,1,1,True,False,True,8,1,0
2023-05-30,leg,17639,34187,10,0,1,1,True,False,True,9,1,0
2023-05-30,leg,17639,34187,10,0,1,1,True,False,True,10,1,0
2023-05-30,leg,17639,206182,10,0,1,1,True,False,True,1,1,0
2023-05-30,leg,17639,206182,10,0,1,1,True,False,True,2,1,0
2023-05-30,leg,17639,206182,10,0,1,1,True,False,True,3,1,0
2023-05-30,leg,17639,206182,10,0,1,1,True,False,True,4,1,0
2023-05-30,leg,17639,206182,10,0,1,1,True,False,True,5,1,0
2023-05-30,leg,17639,206182,10,0,1,1,True,False,True,6,1,0
2023-05-30,leg,17639,206182,10,0,1,1,True,False,True,7,1,0
2023-05-30,leg,17639,206182,10,0,1,1,True,False,True,8,1,0
2023-05-30,leg,17639,206182,10,0,1,1,True,False,True,9,1,0
2023-05-30,leg,17639,206182,10,0,1,1,True,False,True,10,1,0
2023-05-30,leg,17639,205099,10,0,1,1,True,False,True,1,1,0
2023-05-30,leg,17639,205099,10,0,1,1,True,False,True,2,1,0
2023-05-30,leg,17639,205099,10,0,1,1,True,False,True,3,1,0
2023-05-30,leg,17639,205099,10,0,1,1,True,False,True,4,1,0
2023-05-30,leg,17639,205099,10,0,1,1,True,False,True,5,1,0
2023-05-30,leg,17639,205099,10,0,1,1,True,False,True,6,1,0
2023-05-30,leg,17639,205099,10,0,1,1,True,False,True,7,1,0
2023-05-30,leg,17639,205099,10,0,1,1,True,False,True,8,1,0
2023-05-30,leg,17639,205099,10,0,1,1,True,False,True,9,1,0
2023-05-30,leg,17639,205099,10,0,1,1,True,False,True,10,1,0
2023-05-30,leg,17639,43312,10,0,1,1,True,False,True,1,1,0
2023-05-30,leg,17639,43312,10,0,1,1,True,False,True,2,1,0
2023-05-30,leg,17639,43312,10,0,1,1,True,False,True,3,1,0
2023-05-30,leg,17639,43312,10,0,1,1,True,False,True,4,1,0
2023-05-30,leg,17639,43312,10,0,1,1,True,False,True,5,1,0
2023-05-30,leg,17639,43312,10,0,1,1,True,False,True,6,1,0
2023-05-30,leg,17639,43312,10,0,1,1,True,False,True,7,1,0
2023-05-30,leg,17639,43312,10,0,1,1,True,False,True,8,1,0
2023-05-30,leg,17639,43312,10,0,1,1,True,False,True,9,1,0
2023-05-30,leg,17639,43312,10,0,1,1,True,False,True,10,1,0
2023-05-30,leg,17639,28265,10,0,1,2,True,False,True,1,1,0
2023-05-30,leg,17639,28265,10,0,1,2,True,False,True,2,1,0
2023-05-30,leg,17639,28265,10,0,1,2,True,False,True,3,1,0
2023-05-30,leg,17639,28265,10,0,1,2,True,False,True,4,1,0
2023-05-30,leg,17639,28265,10,0,1,2,True,False,True,5,1,0
2023-05-30,leg,17639,28265,10,0,1,2,True,False,True,6,1,0
2023-05-30,leg,17639,28265,10,0,1,2,True,False,True,7,1,0
2023-05-30,leg,17639,28265,10,0,1,2,True,False,True,8,1,0
2023-05-30,leg,17639,28265,10,0,1,2,True,False,True,9,1,0
2023-05-30,leg,17639,28265,10,0,1,2,True,False,True,10,1,0
2023-05-30,leg,17639,35584,10,0,1,1,True,False,True,1,1,0
2023-05-30,leg,17639,35584,10,0,1,1,True,False,True,2,1,0
2023-05-30,leg,17639,35584,10,0,1,1,True,False,True,3,1,0
2023-05-30,leg,17639,35584,10,0,1,1,True,False,True,4,1,0
2023-05-30,leg,17639,35584,10,0,1,1,True,False,True,5,1,0
2023-05-30,leg,17639,35584,10,0,1,1,True,False,True,6,1,0
2023-05-30,leg,17639,35584,10,0,1,1,True,False,True,7,1,0
2023-05-30,leg,17639,35584,10,0,1,1,True,False,True,8,1,0
2023-05-30,leg,17639,35584,10,0,1,1,True,False,True,9,1,0
2023-05-30,leg,17639,35584,10,0,1,1,True,False,True,10,1,0
2023-05-30,leg,24589,31500,10,0,2,"1,2",True,False,False,1,2,0
2023-05-30,leg,24589,31500,10,0,2,"1,2",True,False,False,2,2,0
2023-05-30,leg,24589,31500,10,0,2,"1,2",True,False,False,3,2,0
2023-05-30,leg,24589,31500,10,0,2,"1,2",True,False,False,4,2,0
2023-05-30,leg,24589,31500,10,0,2,"1,2",True,False,False,5,2,0
2023-05-30,leg,24589,31500,10,0,2,"1,2",True,False,False,6,2,0
2023-05-30,leg,24589,31500,10,0,2,"1,2",True,False,False,7,2,0
2023-05-30,leg,24589,31500,10,0,2,"1,2",True,False,False,8,2,0
2023-05-30,leg,24589,31500,10,0,2,"1,2",True,False,False,9,2,0
2023-05-30,leg,24589,31500,10,0,2,"1,2",True,False,False,10,2,0
2023-05-30,leg,17639,200031,10,0,1,1,True,False,True,1,1,0
2023-05-30,leg,17639,200031,10,0,1,1,True,False,True,2,1,0
2023-05-30,leg,17639,200031,10,0,1,1,True,False,True,3,1,0
2023-05-30,leg,17639,200031,10,0,1,1,True,False,True,4,1,0
2023-05-30,leg,17639,200031,10,0,1,1,True,False,True,5,1,0
2023-05-30,leg,17639,200031,10,0,1,1,True,False,True,6,1,0
2023-05-30,leg,17639,200031,10,0,1,1,True,False,True,7,1,0
2023-05-30,leg,17639,200031,10,0,1,1,True,False,True,8,1,0
2023-05-30,leg,17639,200031,10,0,1,1,True,False,True,9,1,0
2023-05-30,leg,17639,200031,10,0,1,1,True,False,True,10,1,0
2023-05-30,leg,293,396998,10,0,7,"1,2,3,4",True,False,True,1,6,1
2023-05-30,leg,293,396998,10,0,7,"1,2,3,4",True,False,True,2,6,1
2023-05-30,leg,293,396998,10,0,7,"1,2,3,4",True,False,True,3,6,1
2023-05-30,leg,293,396998,10,0,7,"1,2,3,4",True,False,True,4,6,1
2023-05-30,leg,293,396998,10,0,7,"1,2,3,4",True,False,True,5,6,1
2023-05-30,leg,293,396998,10,0,7,"1,2,3,4",True,False,True,6,6,1
2023-05-30,leg,293,396998,10,0,7,"1,2,3,4",True,False,True,7,6,1
2023-05-30,leg,293,396998,10,0,7,"1,2,3,4",True,False,True,8,6,1
2023-05-30,leg,293,396998,10,0,7,"1,2,3,4",True,False,True,9,6,1
2023-05-30,leg,293,396998,10,0,7,"1,2,3,4",True,False,True,10,6,1
2023-05-30,leg,39735,57277,10,0,2,"1,2",True,False,False,1,2,0
2023-05-30,leg,39735,57277,10,0,2,"1,2",True,False,False,2,2,0
2023-05-30,leg,39735,57277,10,0,2,"1,2",True,False,False,3,2,0
2023-05-30,leg,39735,57277,10,0,2,"1,2",True,False,False,4,2,0
2023-05-30,leg,39735,57277,10,0,2,"1,2",True,False,False,5,2,0
2023-05-30,leg,39735,57277,10,0,2,"1,2",True,False,False,6,2,0
2023-05-30,leg,39735,57277,10,0,2,"1,2",True,False,False,7,2,0
2023-05-30,leg,39735,57277,10,0,2,"1,2",True,False,False,8,2,0
2023-05-30,leg,39735,57277,10,0,2,"1,2",True,False,False,9,2,0
2023-05-30,leg,39735,57277,10,0,2,"1,2",True,False,False,10,2,0
2023-05-30,leg,17639,265938,10,0,1,1,True,False,True,1,1,0
2023-05-30,leg,17639,265938,10,0,1,1,True,False,True,2,1,0
2023-05-30,leg,17639,265938,10,0,1,1,True,False,True,3,1,0
2023-05-30,leg,17639,265938,10,0,1,1,True,False,True,4,1,0
2023-05-30,leg,17639,265938,10,0,1,1,True,False,True,5,1,0
2023-05-30,leg,17639,265938,10,0,1,1,True,False,True,6,1,0
2023-05-30,leg,17639,265938,10,0,1,1,True,False,True,7,1,0
2023-05-30,leg,17639,265938,10,0,1,1,True,False,True,8,1,0
2023-05-30,leg,17639,265938,10,0,1,1,True,False,True,9,1,0
2023-05-30,leg,17639,265938,10,0,1,1,True,False,True,10,1,0
2023-05-30,leg,265144,270310,10,0,232,1,True,False,False,1,232,0
2023-05-30,leg,265144,270310,10,0,232,1,True,False,False,2,232,0
2023-05-30,leg,265144,270310,10,0,232,1,True,False,False,3,232,0
2023-05-30,leg,265144,270310,10,0,232,1,True,False,False,4,232,0
2023-05-30,leg,265144,270310,10,0,232,1,True,False,False,5,232,0
2023-05-30,leg,265144,270310,10,0,232,1,True,False,False,6,232,0
2023-05-30,leg,265144,270310,10,0,232,1,True,False,False,7,232,0
2023-05-30,leg,265144,270310,10,0,232,1,True,False,False,8,232,0
2023-05-30,leg,265144,270310,10,0,232,1,True,False,False,9,232,0
2023-05-30,leg,265144,270310,10,0,232,1,True,False,False,10,232,0
2023-05-30,leg,23923,151359,10,0,399,1,True,False,False,1,399,0
2023-05-30,leg,23923,151359,10,0,399,1,True,False,False,2,399,0
2023-05-30,leg,23923,151359,10,0,399,1,True,False,False,3,399,0
2023-05-30,leg,23923,151359,10,0,399,1,True,False,False,4,399,0
2023-05-30,leg,23923,151359,10,0,399,1,True,False,False,5,399,0
2023-05-30,leg,23923,151359,10,0,399,1,True,False,False,6,399,0
2023-05-30,leg,23923,151359,10,0,399,1,True,False,False,7,399,0
2023-05-30,leg,23923,151359,10,0,399,1,True,False,False,8,399,0
2023-05-30,leg,23923,151359,10,0,399,1,True,False,False,9,399,0
2023-05-30,leg,23923,151359,10,0,399,1,True,False,False,10,399,0
2023-05-30,leg,35600,47631,10,0,1,1,True,False,True,1,1,0
2023-05-30,leg,35600,47631,10,0,1,1,True,False,True,2,1,0
2023-05-30,leg,35600,47631,10,0,1,1,True,False,True,3,1,0
2023-05-30,leg,35600,47631,10,0,1,1,True,False,True,4,1,0
2023-05-30,leg,35600,47631,10,0,1,1,True,False,True,5,1,0
2023-05-30,leg,35600,47631,10,0,1,1,True,False,True,6,1,0
2023-05-30,leg,35600,47631,10,0,1,1,True,False,True,7,1,0
2023-05-30,leg,35600,47631,10,0,1,1,True,False,True,8,1,0
2023-05-30,leg,35600,47631,10,0,1,1,True,False,True,9,1,0
2023-05-30,leg,35600,47631,10,0,1,1,True,False,True,10,1,0
2023-05-30,leg,25091,28260,10,0,128,"1,2,3,4,5",True,False,False,1,125,3
2023-05-30,leg,25091,28260,10,0,128,"1,2,3,4,5",True,False,False,2,126,2
2023-05-30,leg,25091,28260,10,0,128,"1,2,3,4,5",True,False,False,3,126,2
2023-05-30,leg,25091,28260,10,0,128,"1,2,3,4,5",True,False,False,4,126,2
2023-05-30,leg,25091,28260,10,0,128,"1,2,3,4,5",True,False,False,5,126,2
2023-05-30,leg,25091,28260,10,0,128,"1,2,3,4,5",True,False,False,6,127,1
2023-05-30,leg,25091,28260,10,0,128,"1,2,3,4,5",True,False,False,7,127,1
2023-05-30,leg,25091,28260,10,0,128,"1,2,3,4,5",True,False,False,8,127,1
2023-05-30,leg,25091,28260,10,0,128,"1,2,3,4,5",True,False,False,9,127,1
2023-05-30,leg,25091,28260,10,0,128,"1,2,3,4,5",True,False,False,10,127,1
2023-05-30,leg,17639,42916,10,0,1,1,True,False,True,1,1,0
2023-05-30,leg,17639,42916,10,0,1,1,True,False,True,2,1,0
2023-05-30,leg,17639,42916,10,0,1,1,True,False,True,3,1,0
2023-05-30,leg,17639,42916,10,0,1,1,True,False,True,4,1,0
2023-05-30,leg,17639,42916,10,0,1,1,True,False,True,5,1,0
2023-05-30,leg,17639,42916,10,0,1,1,True,False,True,6,1,0
2023-05-30,leg,17639,42916,10,0,1,1,True,False,True,7,1,0
2023-05-30,leg,17639,42916,10,0,1,1,True,False,True,8,1,0
2023-05-30,leg,17639,42916,10,0,1,1,True,False,True,9,1,0
2023-05-30,leg,17639,42916,10,0,1,1,True,False,True,10,1,0
2023-05-30,leg,34019,50624,10,0,2,1,True,False,False,1,2,0
2023-05-30,leg,34019,50624,10,0,2,1,True,False,False,2,2,0
2023-05-30,leg,34019,50624,10,0,2,1,True,False,False,3,2,0
2023-05-30,leg,34019,50624,10,0,2,1,True,False,False,4,2,0
2023-05-30,leg,34019,50624,10,0,2,1,True,False,False,5,2,0
2023-05-30,leg,34019,50624,10,0,2,1,True,False,False,6,2,0
2023-05-30,leg,34019,50624,10,0,2,1,True,False,False,7,2,0
2023-05-30,leg,34019,50624,10,0,2,1,True,False,False,8,2,0
2023-05-30,leg,34019,50624,10,0,2,1,True,False,False,9,2,0
2023-05-30,leg,34019,50624,10,0,2,1,True,False,False,10,2,0
2023-05-30,leg,17639,34550,10,0,1,1,True,False,True,1,1,0
2023-05-30,leg,17639,34550,10,0,1,1,True,False,True,2,1,0
2023-05-30,leg,17639,34550,10,0,1,1,True,False,True,3,1,0
2023-05-30,leg,17639,34550,10,0,1,1,True,False,True,4,1,0
2023-05-30,leg,17639,34550,10,0,1,1,True,False,True,5,1,0
2023-05-30,leg,17639,34550,10,0,1,1,True,False,True,6,1,0
2023-05-30,leg,17639,34550,10,0,1,1,True,False,True,7,1,0
2023-05-30,leg,17639,34550,10,0,1,1,True,False,True,8,1,0
2023-05-30,leg,17639,34550,10,0,1,1,True,False,True,9,1,0
2023-05-30,leg,17639,34550,10,0,1,1,True,False,True,10,1,0
2023-05-30,leg,293,22518,10,0,1,1,True,False,True,1,1,0
2023-05-30,leg,293,22518,10,0,1,1,True,False,True,2,1,0
2023-05-30,leg,293,22518,10,0,1,1,True,False,True,3,1,0
2023-05-30,leg,293,22518,10,0,1,1,True,False,True,4,1,0
2023-05-30,leg,293,22518,10,0,1,1,True,False,True,5,1,0
2023-05-30,leg,293,22518,10,0,1,1,True,False,True,6,1,0
2023-05-30,leg,293,22518,10,0,1,1,True,False,True,7,1,0
2023-05-30,leg,293,22518,10,0,1,1,True,False,True,8,1,0
2023-05-30,leg,293,22518,10,0,1,1,True,False,True,9,1,0
2023-05-30,leg,293,22518,10,0,1,1,True,False,True,10,1,0
2023-05-30,leg,17639,34141,10,0,1,1,True,False,True,1,1,0
2023-05-30,leg,17639,34141,10,0,1,1,True,False,True,2,1,0
2023-05-30,leg,17639,34141,10,0,1,1,True,False,True,3,1,0
2023-05-30,leg,17639,34141,10,0,1,1,True,False,True,4,1,0
2023-05-30,leg,17639,34141,10,0,1,1,True,False,True,5,1,0
2023-05-30,leg,17639,34141,10,0,1,1,True,False,True,6,1,0
2023-05-30,leg,17639,34141,10,0,1,1,True,False,True,7,1,0
2023-05-30,leg,17639,34141,10,0,1,1,True,False,True,8,1,0
2023-05-30,leg,17639,34141,10,0,1,1,True,False,True,9,1,0
2023-05-30,leg,17639,34141,10,0,1,1,True,False,True,10,1,0
2023-05-30,leg,17639,199491,10,0,1,1,True,False,True,1,1,0
2023-05-30,leg,17639,199491,10,0,1,1,True,False,True,2,1,0
2023-05-30,leg,17639,199491,10,0,1,1,True,False,True,3,1,0
2023-05-30,leg,17639,199491,10,0,1,1,True,False,True,4,1,0
2023-05-30,leg,17639,199491,10,0,1,1,True,False,True,5,1,0
2023-05-30,leg,17639,199491,10,0,1,1,True,False,True,6,1,0
2023-05-30,leg,17639,199491,10,0,1,1,True,False,True,7,1,0
2023-05-30,leg,17639,199491,10,0,1,1,True,False,True,8,1,0
2023-05-30,leg,17639,199491,10,0,1,1,True,False,True,9,1,0
2023-05-30,leg,17639,199491,10,0,1,1,True,False,True,10,1,0
2023-05-30,leg,16735,270319,10,0,152,1,True,False,False,1,151,1
2023-05-30,leg,16735,270319,10,0,152,1,True,False,False,2,152,0
2023-05-30,leg,16735,270319,10,0,152,1,True,False,False,3,152,0
2023-05-30,leg,16735,270319,10,0,152,1,True,False,False,4,152,0
2023-05-30,leg,16735,270319,10,0,152,1,True,False,False,5,152,0
2023-05-30,leg,16735,270319,10,0,152,1,True,False,False,6,152,0
2023-05-30,leg,16735,270319,10,0,152,1,True,False,False,7,152,0
2023-05-30,leg,16735,270319,10,0,152,1,True,False,False,8,152,0
2023-05-30,leg,16735,270319,10,0,152,1,True,False,False,9,152,0
2023-05-30,leg,16735,270319,10,0,152,1,True,False,False,10,152,0
2023-05-30,leg,17639,198408,10,0,1,1,True,False,True,1,1,0
2023-05-30,leg,17639,198408,10,0,1,1,True,False,True,2,1,0
2023-05-30,leg,17639,198408,10,0,1,1,True,False,True,3,1,0
2023-05-30,leg,17639,198408,10,0,1,1,True,False,True,4,1,0
2023-05-30,leg,17639,198408,10,0,1,1,True,False,True,5,1,0
2023-05-30,leg,17639,198408,10,0,1,1,True,False,True,6,1,0
2023-05-30,leg,17639,198408,10,0,1,1,True,False,True,7,1,0
2023-05-30,leg,17639,198408,10,0,1,1,True,False,True,8,1,0
2023-05-30,leg,17639,198408,10,0,1,1,True,False,True,9,1,0
2023-05-30,leg,17639,198408,10,0,1,1,True,False,True,10,1,0
2023-05-30,leg,17639,205727,10,0,1,1,True,False,True,1,1,0
2023-05-30,leg,17639,205727,10,0,1,1,True,False,True,2,1,0
2023-05-30,leg,17639,205727,10,0,1,1,True,False,True,3,1,0
2023-05-30,leg,17639,205727,10,0,1,1,True,False,True,4,1,0
2023-05-30,leg,17639,205727,10,0,1,1,True,False,True,5,1,0
2023-05-30,leg,17639,205727,10,0,1,1,True,False,True,6,1,0
2023-05-30,leg,17639,205727,10,0,1,1,True,False,True,7,1,0
2023-05-30,leg,17639,205727,10,0,1,1,True,False,True,8,1,0
2023-05-30,leg,17639,205727,10,0,1,1,True,False,True,9,1,0
2023-05-30,leg,17639,205727,10,0,1,1,True,False,True,10,1,0
2023-05-30,leg,17639,266445,10,0,5,"2,3",True,False,True,1,5,0
2023-05-30,leg,17639,266445,10,0,5,"2,3",True,False,True,2,5,0
2023-05-30,leg,17639,266445,10,0,5,"2,3",True,False,True,3,5,0
2023-05-30,leg,17639,266445,10,0,5,"2,3",True,False,True,4,5,0
2023-05-30,leg,17639,266445,10,0,5,"2,3",True,False,True,5,5,0
2023-05-30,leg,17639,266445,10,0,5,"2,3",True,False,True,6,5,0
2023-05-30,leg,17639,266445,10,0,5,"2,3",True,False,True,7,5,0
2023-05-30,leg,17639,266445,10,0,5,"2,3",True,False,True,8,5,0
2023-05-30,leg,17639,266445,10,0,5,"2,3",True,False,True,9,5,0
2023-05-30,leg,17639,266445,10,0,5,"2,3",True,False,True,10,5,0
2023-05-30,leg,17639,51933,10,0,1,1,True,False,True,1,1,0
2023-05-30,leg,17639,51933,10,0,1,1,True,False,True,2,1,0
2023-05-30,leg,17639,51933,10,0,1,1,True,False,True,3,1,0
2023-05-30,leg,17639,51933,10,0,1,1,True,False,True,4,1,0
2023-05-30,leg,17639,51933,10,0,1,1,True,False,True,5,1,0
2023-05-30,leg,17639,51933,10,0,1,1,True,False,True,6,1,0
2023-05-30,leg,17639,51933,10,0,1,1,True,False,True,7,1,0
2023-05-30,leg,17639,51933,10,0,1,1,True,False,True,8,1,0
2023-05-30,leg,17639,51933,10,0,1,1,True,False,True,9,1,0
2023-05-30,leg,17639,51933,10,0,1,1,True,False,True,10,1,0
2023-05-30,leg,268222,270586,10,0,33,1,True,False,False,1,33,0
2023-05-30,leg,268222,270586,10,0,33,1,True,False,False,2,33,0
2023-05-30,leg,268222,270586,10,0,33,1,True,False,False,3,33,0
2023-05-30,leg,268222,270586,10,0,33,1,True,False,False,4,33,0
2023-05-30,leg,268222,270586,10,0,33,1,True,False,False,5,33,0
2023-05-30,leg,268222,270586,10,0,33,1,True,False,False,6,33,0
2023-05-30,leg,268222,270586,10,0,33,1,True,False,False,7,33,0
2023-05-30,leg,268222,270586,10,0,33,1,True,False,False,8,33,0
2023-05-30,leg,268222,270586,10,0,33,1,True,False,False,9,33,0
2023-05-30,leg,268222,270586,10,0,33,1,True,False,False,10,33,0
2023-05-30,leg,293,17306,10,0,1,1,True,False,True,1,1,0
2023-05-30,leg,293,17306,10,0,1,1,True,False,True,2,1,0
2023-05-30,leg,293,17306,10,0,1,1,True,False,True,3,1,0
2023-05-30,leg,293,17306,10,0,1,1,True,False,True,4,1,0
2023-05-30,leg,293,17306,10,0,1,1,True,False,True,5,1,0
2023-05-30,leg,293,17306,10,0,1,1,True,False,True,6,1,0
2023-05-30,leg,293,17306,10,0,1,1,True,False,True,7,1,0
2023-05-30,leg,293,17306,10,0,1,1,True,False,True,8,1,0
2023-05-30,leg,293,17306,10,0,1,1,True,False,True,9,1,0
2023-05-30,leg,293,17306,10,0,1,1,True,False,True,10,1,0
2023-05-30,leg,61955,206446,10,0,1,1,True,False,True,1,1,0
2023-05-30,leg,61955,206446,10,0,1,1,True,False,True,2,1,0
2023-05-30,leg,61955,206446,10,0,1,1,True,False,True,3,1,0
2023-05-30,leg,61955,206446,10,0,1,1,True,False,True,4,1,0
2023-05-30,leg,61955,206446,10,0,1,1,True,False,True,5,1,0
2023-05-30,leg,61955,206446,10,0,1,1,True,False,True,6,1,0
2023-05-30,leg,61955,206446,10,0,1,1,True,False,True,7,1,0
2023-05-30,leg,61955,206446,10,0,1,1,True,False,True,8,1,0
2023-05-30,leg,61955,206446,10,0,1,1,True,False,True,9,1,0
2023-05-30,leg,61955,206446,10,0,1,1,True,False,True,10,1,0
2023-05-30,leg,35598,41118,10,0,17,1,True,False,False,1,17,0
2023-05-30,leg,35598,41118,10,0,17,1,True,False,False,2,17,0
2023-05-30,leg,35598,41118,10,0,17,1,True,False,False,3,17,0
2023-05-30,leg,35598,41118,10,0,17,1,True,False,False,4,17,0
2023-05-30,leg,35598,41118,10,0,17,1,True,False,False,5,17,0
2023-05-30,leg,35598,41118,10,0,17,1,True,False,False,6,17,0
2023-05-30,leg,35598,41118,10,0,17,1,True,False,False,7,17,0
2023-05-30,leg,35598,41118,10,0,17,1,True,False,False,8,17,0
2023-05-30,leg,35598,41118,10,0,17,1,True,False,False,9,17,0
2023-05-30,leg,35598,41118,10,0,17,1,True,False,False,10,17,0
2023-05-30,leg,17639,50886,10,0,1,1,True,False,True,1,1,0
2023-05-30,leg,17639,50886,10,0,1,1,True,False,True,2,1,0
2023-05-30,leg,17639,50886,10,0,1,1,True,False,True,3,1,0
2023-05-30,leg,17639,50886,10,0,1,1,True,False,True,4,1,0
2023-05-30,leg,17639,50886,10,0,1,1,True,False,True,5,1,0
2023-05-30,leg,17639,50886,10,0,1,1,True,False,True,6,1,0
2023-05-30,leg,17639,50886,10,0,1,1,True,False,True,7,1,0
2023-05-30,leg,17639,50886,10,0,1,1,True,False,True,8,1,0
2023-05-30,leg,17639,50886,10,0,1,1,True,False,True,9,1,0
2023-05-30,leg,17639,50886,10,0,1,1,True,False,True,10,1,0
2023-05-30,leg,3491,13285,10,0,9,"1,2",True,False,False,1,9,0
2023-05-30,leg,3491,13285,10,0,9,"1,2",True,False,False,2,9,0
2023-05-30,leg,3491,13285,10,0,9,"1,2",True,False,False,3,9,0
2023-05-30,leg,3491,13285,10,0,9,"1,2",True,False,False,4,9,0
2023-05-30,leg,3491,13285,10,0,9,"1,2",True,False,False,5,9,0
2023-05-30,leg,3491,13285,10,0,9,"1,2",True,False,False,6,9,0
2023-05-30,leg,3491,13285,10,0,9,"1,2",True,False,False,7,9,0
2023-05-30,leg,3491,13285,10,0,9,"1,2",True,False,False,8,9,0
2023-05-30,leg,3491,13285,10,0,9,"1,2",True,False,False,9,9,0
2023-05-30,leg,3491,13285,10,0,9,"1,2",True,False,False,10,9,0
2023-05-30,leg,28263,263143,10,0,1,1,True,False,False,1,1,0
2023-05-30,leg,28263,263143,10,0,1,1,True,False,False,2,1,0
2023-05-30,leg,28263,263143,10,0,1,1,True,False,False,3,1,0
2023-05-30,leg,28263,263143,10,0,1,1,True,False,False,4,1,0
2023-05-30,leg,28263,263143,10,0,1,1,True,False,False,5,1,0
2023-05-30,leg,28263,263143,10,0,1,1,True,False,False,6,1,0
2023-05-30,leg,28263,263143,10,0,1,1,True,False,False,7,1,0
2023-05-30,leg,28263,263143,10,0,1,1,True,False,False,8,1,0
2023-05-30,leg,28263,263143,10,0,1,1,True,False,False,9,1,0
2023-05-30,leg,28263,263143,10,0,1,1,True,False,False,10,1,0
2023-05-30,leg,13004,57277,10,0,11,"2,3",True,False,True,1,9,2
2023-05-30,leg,13004,57277,10,0,11,"2,3",True,False,True,2,9,2
2023-05-30,leg,13004,57277,10,0,11,"2,3",True,False,True,3,10,1
2023-05-30,leg,13004,57277,10,0,11,"2,3",True,False,True,4,10,1
2023-05-30,leg,13004,57277,10,0,11,"2,3",True,False,True,5,10,1
2023-05-30,leg,13004,57277,10,0,11,"2,3",True,False,True,6,10,1
2023-05-30,leg,13004,57277,10,0,11,"2,3",True,False,True,7,10,1
2023-05-30,leg,13004,57277,10,0,11,"2,3",True,False,True,8,11,0
2023-05-30,leg,13004,57277,10,0,11,"2,3",True,False,True,9,11,0
2023-05-30,leg,13004,57277,10,0,11,"2,3",True,False,True,10,10,1
2023-05-30,leg,39120,329240,10,0,1,1,True,False,True,1,1,0
2023-05-30,leg,39120,329240,10,0,1,1,True,False,True,2,1,0
2023-05-30,leg,39120,329240,10,0,1,1,True,False,True,3,1,0
2023-05-30,leg,39120,329240,10,0,1,1,True,False,True,4,1,0
2023-05-30,leg,39120,329240,10,0,1,1,True,False,True,5,1,0
2023-05-30,leg,39120,329240,10,0,1,1,True,False,True,6,1,0
2023-05-30,leg,39120,329240,10,0,1,1,True,False,True,7,1,0
2023-05-30,leg,39120,329240,10,0,1,1,True,False,True,8,1,0
2023-05-30,leg,39120,329240,10,0,1,1,True,False,True,9,1,0
2023-05-30,leg,39120,329240,10,0,1,1,True,False,True,10,1,0
2023-05-30,leg,20764,206446,10,0,1,1,True,False,False,1,1,0
2023-05-30,leg,20764,206446,10,0,1,1,True,False,False,2,1,0
2023-05-30,leg,20764,206446,10,0,1,1,True,False,False,3,1,0
2023-05-30,leg,20764,206446,10,0,1,1,True,False,False,4,1,0
2023-05-30,leg,20764,206446,10,0,1,1,True,False,False,5,1,0
2023-05-30,leg,20764,206446,10,0,1,1,True,False,False,6,1,0
2023-05-30,leg,20764,206446,10,0,1,1,True,False,False,7,1,0
2023-05-30,leg,20764,206446,10,0,1,1,True,False,False,8,1,0
2023-05-30,leg,20764,206446,10,0,1,1,True,False,False,9,1,0
2023-05-30,leg,20764,206446,10,0,1,1,True,False,False,10,1,0
2023-05-30,leg,293,63062,10,0,1,1,True,False,True,1,1,0
2023-05-30,leg,293,63062,10,0,1,1,True,False,True,2,1,0
2023-05-30,leg,293,63062,10,0,1,1,True,False,True,3,1,0
2023-05-30,leg,293,63062,10,0,1,1,True,False,True,4,1,0
2023-05-30,leg,293,63062,10,0,1,1,True,False,True,5,1,0
2023-05-30,leg,293,63062,10,0,1,1,True,False,True,6,1,0
2023-05-30,leg,293,63062,10,0,1,1,True,False,True,7,1,0
2023-05-30,leg,293,63062,10,0,1,1,True,False,True,8,1,0
2023-05-30,leg,293,63062,10,0,1,1,True,False,True,9,1,0
2023-05-30,leg,293,63062,10,0,1,1,True,False,True,10,1,0
2023-05-30,leg,17639,29050,10,0,2,"1,2",True,False,True,1,2,0
2023-05-30,leg,17639,29050,10,0,2,"1,2",True,False,True,2,2,0
2023-05-30,leg,17639,29050,10,0,2,"1,2",True,False,True,3,2,0
2023-05-30,leg,17639,29050,10,0,2,"1,2",True,False,True,4,2,0
2023-05-30,leg,17639,29050,10,0,2,"1,2",True,False,True,5,2,0
2023-05-30,leg,17639,29050,10,0,2,"1,2",True,False,True,6,2,0
2023-05-30,leg,17639,29050,10,0,2,"1,2",True,False,True,7,2,0
2023-05-30,leg,17639,29050,10,0,2,"1,2",True,False,True,8,2,0
2023-05-30,leg,17639,29050,10,0,2,"1,2",True,False,True,9,2,0
2023-05-30,leg,17639,29050,10,0,2,"1,2",True,False,True,10,2,0
2023-05-30,leg,17639,266013,10,0,4,"1,2",True,False,True,1,4,0
2023-05-30,leg,17639,266013,10,0,4,"1,2",True,False,True,2,4,0
2023-05-30,leg,17639,266013,10,0,4,"1,2",True,False,True,3,4,0
2023-05-30,leg,17639,266013,10,0,4,"1,2",True,False,True,4,4,0
2023-05-30,leg,17639,266013,10,0,4,"1,2",True,False,True,5,4,0
2023-05-30,leg,17639,266013,10,0,4,"1,2",True,False,True,6,4,0
2023-05-30,leg,17639,266013,10,0,4,"1,2",True,False,True,7,4,0
2023-05-30,leg,17639,266013,10,0,4,"1,2",True,False,True,8,4,0
2023-05-30,leg,17639,266013,10,0,4,"1,2",True,False,True,9,4,0
2023-05-30,leg,17639,266013,10,0,4,"1,2",True,False,True,10,4,0
2023-05-30,leg,57974,60326,10,0,1,1,True,False,True,1,1,0
2023-05-30,leg,57974,60326,10,0,1,1,True,False,True,2,1,0
2023-05-30,leg,57974,60326,10,0,1,1,True,False,True,3,1,0
2023-05-30,leg,57974,60326,10,0,1,1,True,False,True,4,1,0
2023-05-30,leg,57974,60326,10,0,1,1,True,False,True,5,1,0
2023-05-30,leg,57974,60326,10,0,1,1,True,False,True,6,1,0
2023-05-30,leg,57974,60326,10,0,1,1,True,False,True,7,1,0
2023-05-30,leg,57974,60326,10,0,1,1,True,False,True,8,1,0
2023-05-30,leg,57974,60326,10,0,1,1,True,False,True,9,1,0
2023-05-30,leg,57974,60326,10,0,1,1,True,False,True,10,1,0
2023-05-30,leg,17639,39114,10,0,1,1,True,False,True,1,1,0
2023-05-30,leg,17639,39114,10,0,1,1,True,False,True,2,1,0
2023-05-30,leg,17639,39114,10,0,1,1,True,False,True,3,1,0
2023-05-30,leg,17639,39114,10,0,1,1,True,False,True,4,1,0
2023-05-30,leg,17639,39114,10,0,1,1,True,False,True,5,1,0
2023-05-30,leg,17639,39114,10,0,1,1,True,False,True,6,1,0
2023-05-30,leg,17639,39114,10,0,1,1,True,False,True,7,1,0
2023-05-30,leg,17639,39114,10,0,1,1,True,False,True,8,1,0
2023-05-30,leg,17639,39114,10,0,1,1,True,False,True,9,1,0
2023-05-30,leg,17639,39114,10,0,1,1,True,False,True,10,1,0
2023-05-30,leg,53181,270440,10,0,187,1,True,False,False,1,187,0
2023-05-30,leg,53181,270440,10,0,187,1,True,False,False,2,187,0
2023-05-30,leg,53181,270440,10,0,187,1,True,False,False,3,187,0
2023-05-30,leg,53181,270440,10,0,187,1,True,False,False,4,187,0
2023-05-30,leg,53181,270440,10,0,187,1,True,False,False,5,187,0
2023-05-30,leg,53181,270440,10,0,187,1,True,False,False,6,187,0
2023-05-30,leg,53181,270440,10,0,187,1,True,False,False,7,187,0
2023-05-30,leg,53181,270440,10,0,187,1,True,False,False,8,187,0
2023-05-30,leg,53181,270440,10,0,187,1,True,False,False,9,187,0
2023-05-30,leg,53181,270440,10,0,187,1,True,False,False,10,187,0
2023-05-30,leg,17639,48239,10,0,12,"1,2",True,False,True,1,12,0
2023-05-30,leg,17639,48239,10,0,12,"1,2",True,False,True,2,12,0
2023-05-30,leg,17639,48239,10,0,12,"1,2",True,False,True,3,12,0
2023-05-30,leg,17639,48239,10,0,12,"1,2",True,False,True,4,12,0
2023-05-30,leg,17639,48239,10,0,12,"1,2",True,False,True,5,12,0
2023-05-30,leg,17639,48239,10,0,12,"1,2",True,False,True,6,12,0
2023-05-30,leg,17639,48239,10,0,12,"1,2",True,False,True,7,12,0
2023-05-30,leg,17639,48239,10,0,12,"1,2",True,False,True,8,12,0
2023-05-30,leg,17639,48239,10,0,12,"1,2",True,False,True,9,12,0
2023-05-30,leg,17639,48239,10,0,12,"1,2",True,False,True,10,12,0
2023-05-30,leg,3212,17639,10,0,1,3,True,False,True,1,1,0
2023-05-30,leg,3212,17639,10,0,1,3,True,False,True,2,1,0
2023-05-30,leg,3212,17639,10,0,1,3,True,False,True,3,1,0
2023-05-30,leg,3212,17639,10,0,1,3,True,False,True,4,1,0
2023-05-30,leg,3212,17639,10,0,1,3,True,False,True,5,1,0
2023-05-30,leg,3212,17639,10,0,1,3,True,False,True,6,1,0
2023-05-30,leg,3212,17639,10,0,1,3,True,False,True,7,1,0
2023-05-30,leg,3212,17639,10,0,1,3,True,False,True,8,1,0
2023-05-30,leg,3212,17639,10,0,1,3,True,False,True,9,1,0
2023-05-30,leg,3212,17639,10,0,1,3,True,False,True,10,1,0
2023-05-30,leg,17639,29665,10,0,1,1,True,False,True,1,1,0
2023-05-30,leg,17639,29665,10,0,1,1,True,False,True,2,1,0
2023-05-30,leg,17639,29665,10,0,1,1,True,False,True,3,1,0
2023-05-30,leg,17639,29665,10,0,1,1,True,False,True,4,1,0
2023-05-30,leg,17639,29665,10,0,1,1,True,False,True,5,1,0
2023-05-30,leg,17639,29665,10,0,1,1,True,False,True,6,1,0
2023-05-30,leg,17639,29665,10,0,1,1,True,False,True,7,1,0
2023-05-30,leg,17639,29665,10,0,1,1,True,False,True,8,1,0
2023-05-30,leg,17639,29665,10,0,1,1,True,False,True,9,1,0
2023-05-30,leg,17639,29665,10,0,1,1,True,False,True,10,1,0
2023-05-30,leg,17639,43171,10,0,1,1,True,False,True,1,1,0
2023-05-30,leg,17639,43171,10,0,1,1,True,False,True,2,1,0
2023-05-30,leg,17639,43171,10,0,1,1,True,False,True,3,1,0
2023-05-30,leg,17639,43171,10,0,1,1,True,False,True,4,1,0
2023-05-30,leg,17639,43171,10,0,1,1,True,False,True,5,1,0
2023-05-30,leg,17639,43171,10,0,1,1,True,False,True,6,1,0
2023-05-30,leg,17639,43171,10,0,1,1,True,False,True,7,1,0
2023-05-30,leg,17639,43171,10,0,1,1,True,False,True,8,1,0
2023-05-30,leg,17639,43171,10,0,1,1,True,False,True,9,1,0
2023-05-30,leg,17639,43171,10,0,1,1,True,False,True,10,1,0
2023-05-30,leg,3303,266160,10,0,24,"1,2",False,False,False,1,24,0
2023-05-30,leg,3303,266160,10,0,24,"1,2",False,False,False,2,24,0
2023-05-30,leg,3303,266160,10,0,24,"1,2",False,False,False,3,24,0
2023-05-30,leg,3303,266160,10,0,24,"1,2",False,False,False,4,24,0
2023-05-30,leg,3303,266160,10,0,24,"1,2",False,False,False,5,24,0
2023-05-30,leg,3303,266160,10,0,24,"1,2",False,False,False,6,24,0
2023-05-30,leg,3303,266160,10,0,24,"1,2",False,False,False,7,24,0
2023-05-30,leg,3303,266160,10,0,24,"1,2",False,False,False,8,24,0
2023-05-30,leg,3303,266160,10,0,24,"1,2",False,False,False,9,24,0
2023-05-30,leg,3303,266160,10,0,24,"1,2",False,False,False,10,24,0
2023-05-30,leg,17639,25500,10,0,1,1,True,False,True,1,1,0
2023-05-30,leg,17639,25500,10,0,1,1,True,False,True,2,1,0
2023-05-30,leg,17639,25500,10,0,1,1,True,False,True,3,1,0
2023-05-30,leg,17639,25500,10,0,1,1,True,False,True,4,1,0
2023-05-30,leg,17639,25500,10,0,1,1,True,False,True,5,1,0
2023-05-30,leg,17639,25500,10,0,1,1,True,False,True,6,1,0
2023-05-30,leg,17639,25500,10,0,1,1,True,False,True,7,1,0
2023-05-30,leg,17639,25500,10,0,1,1,True,False,True,8,1,0
2023-05-30,leg,17639,25500,10,0,1,1,True,False,True,9,1,0
2023-05-30,leg,17639,25500,10,0,1,1,True,False,True,10,1,0
2023-05-30,leg,7018,32455,10,0,10,1,True,False,False,1,10,0
2023-05-30,leg,7018,32455,10,0,10,1,True,False,False,2,10,0
2023-05-30,leg,7018,32455,10,0,10,1,True,False,False,3,10,0
2023-05-30,leg,7018,32455,10,0,10,1,True,False,False,4,10,0
2023-05-30,leg,7018,32455,10,0,10,1,True,False,False,5,10,0
2023-05-30,leg,7018,32455,10,0,10,1,True,False,False,6,10,0
2023-05-30,leg,7018,32455,10,0,10,1,True,False,False,7,10,0
2023-05-30,leg,7018,32455,10,0,10,1,True,False,False,8,10,0
2023-05-30,leg,7018,32455,10,0,10,1,True,False,False,9,10,0
2023-05-30,leg,7018,32455,10,0,10,1,True,False,False,10,10,0
2023-05-30,leg,271023,272210,10,0,523,1,True,False,False,1,523,0
2023-05-30,leg,271023,272210,10,0,523,1,True,False,False,2,523,0
2023-05-30,leg,271023,272210,10,0,523,1,True,False,False,3,523,0
2023-05-30,leg,271023,272210,10,0,523,1,True,False,False,4,523,0
2023-05-30,leg,271023,272210,10,0,523,1,True,False,False,5,523,0
2023-05-30,leg,271023,272210,10,0,523,1,True,False,False,6,523,0
2023-05-30,leg,271023,272210,10,0,523,1,True,False,False,7,523,0
2023-05-30,leg,271023,272210,10,0,523,1,True,False,False,8,523,0
2023-05-30,leg,271023,272210,10,0,523,1,True,False,False,9,523,0
2023-05-30,leg,271023,272210,10,0,523,1,True,False,False,10,523,0
2023-05-30,leg,23956,151359,10,0,314,1,True,True,False,1,314,0
2023-05-30,leg,23956,151359,10,0,314,1,True,True,False,2,314,0
2023-05-30,leg,23956,151359,10,0,314,1,True,True,False,3,314,0
2023-05-30,leg,23956,151359,10,0,314,1,True,True,False,4,314,0
2023-05-30,leg,23956,151359,10,0,314,1,True,True,False,5,314,0
2023-05-30,leg,23956,151359,10,0,314,1,True,True,False,6,314,0
2023-05-30,leg,23956,151359,10,0,314,1,True,True,False,7,314,0
2023-05-30,leg,23956,151359,10,0,314,1,True,True,False,8,314,0
2023-05-30,leg,23956,151359,10,0,314,1,True,True,False,9,314,0
2023-05-30,leg,23956,151359,10,0,314,1,True,True,False,10,314,0
2023-05-30,leg,293,8220,10,0,562,"1,2,3,4",False,False,False,1,562,0
2023-05-30,leg,293,8220,10,0,562,"1,2,3,4",False,False,False,2,562,0
2023-05-30,leg,293,8220,10,0,562,"1,2,3,4",False,False,False,3,562,0
2023-05-30,leg,293,8220,10,0,562,"1,2,3,4",False,False,False,4,562,0
2023-05-30,leg,293,8220,10,0,562,"1,2,3,4",False,False,False,5,562,0
2023-05-30,leg,293,8220,10,0,562,"1,2,3,4",False,False,False,6,562,0
2023-05-30,leg,293,8220,10,0,562,"1,2,3,4",False,False,False,7,562,0
2023-05-30,leg,293,8220,10,0,562,"1,2,3,4",False,False,False,8,562,0
2023-05-30,leg,293,8220,10,0,562,"1,2,3,4",False,False,False,9,562,0
2023-05-30,leg,293,8220,10,0,562,"1,2,3,4",False,False,False,10,562,0
2023-05-30,leg,13053,17639,10,0,1,1,True,False,True,1,1,0
2023-05-30,leg,13053,17639,10,0,1,1,True,False,True,2,1,0
2023-05-30,leg,13053,17639,10,0,1,1,True,False,True,3,1,0
2023-05-30,leg,13053,17639,10,0,1,1,True,False,True,4,1,0
2023-05-30,leg,13053,17639,10,0,1,1,True,False,True,5,1,0
2023-05-30,leg,13053,17639,10,0,1,1,True,False,True,6,1,0
2023-05-30,leg,13053,17639,10,0,1,1,True,False,True,7,1,0
2023-05-30,leg,13053,17639,10,0,1,1,True,False,True,8,1,0
2023-05-30,leg,13053,17639,10,0,1,1,True,False,True,9,1,0
2023-05-30,leg,13053,17639,10,0,1,1,True,False,True,10,1,0
2023-05-30,leg,60144,210429,10,0,492,1,True,False,False,1,485,7
2023-05-30,leg,60144,210429,10,0,492,1,True,False,False,2,492,0
2023-05-30,leg,60144,210429,10,0,492,1,True,False,False,3,492,0
2023-05-30,leg,60144,210429,10,0,492,1,True,False,False,4,492,0
2023-05-30,leg,60144,210429,10,0,492,1,True,False,False,5,492,0
2023-05-30,leg,60144,210429,10,0,492,1,True,False,False,6,492,0
2023-05-30,leg,60144,210429,10,0,492,1,True,False,False,7,492,0
2023-05-30,leg,60144,210429,10,0,492,1,True,False,False,8,492,0
2023-05-30,leg,60144,210429,10,0,492,1,True,False,False,9,492,0
2023-05-30,leg,60144,210429,10,0,492,1,True,False,False,10,492,0
2023-05-30,leg,17639,262764,10,0,1,1,True,False,True,1,1,0
2023-05-30,leg,17639,262764,10,0,1,1,True,False,True,2,1,0
2023-05-30,leg,17639,262764,10,0,1,1,True,False,True,3,1,0
2023-05-30,leg,17639,262764,10,0,1,1,True,False,True,4,1,0
2023-05-30,leg,17639,262764,10,0,1,1,True,False,True,5,1,0
2023-05-30,leg,17639,262764,10,0,1,1,True,False,True,6,1,0
2023-05-30,leg,17639,262764,10,0,1,1,True,False,True,7,1,0
2023-05-30,leg,17639,262764,10,0,1,1,True,False,True,8,1,0
2023-05-30,leg,17639,262764,10,0,1,1,True,False,True,9,1,0
2023-05-30,leg,17639,262764,10,0,1,1,True,False,True,10,1,0
2023-05-30,leg,131743,138128,10,0,88,1,True,False,False,1,88,0
2023-05-30,leg,131743,138128,10,0,88,1,True,False,False,2,88,0
2023-05-30,leg,131743,138128,10,0,88,1,True,False,False,3,88,0
2023-05-30,leg,131743,138128,10,0,88,1,True,False,False,4,88,0
2023-05-30,leg,131743,138128,10,0,88,1,True,False,False,5,88,0
2023-05-30,leg,131743,138128,10,0,88,1,True,False,False,6,88,0
2023-05-30,leg,131743,138128,10,0,88,1,True,False,False,7,88,0
2023-05-30,leg,131743,138128,10,0,88,1,True,False,False,8,88,0
2023-05-30,leg,131743,138128,10,0,88,1,True,False,False,9,88,0
2023-05-30,leg,131743,138128,10,0,88,1,True,False,False,10,88,0
2023-05-30,leg,17639,53356,10,0,4,"1,2",True,False,True,1,3,1
2023-05-30,leg,17639,53356,10,0,4,"1,2",True,False,True,2,4,0
2023-05-30,leg,17639,53356,10,0,4,"1,2",True,False,True,3,4,0
2023-05-30,leg,17639,53356,10,0,4,"1,2",True,False,True,4,4,0
2023-05-30,leg,17639,53356,10,0,4,"1,2",True,False,True,5,4,0
2023-05-30,leg,17639,53356,10,0,4,"1,2",True,False,True,6,4,0
2023-05-30,leg,17639,53356,10,0,4,"1,2",True,False,True,7,4,0
2023-05-30,leg,17639,53356,10,0,4,"1,2",True,False,True,8,4,0
2023-05-30,leg,17639,53356,10,0,4,"1,2",True,False,True,9,4,0
2023-05-30,leg,17639,53356,10,0,4,"1,2",True,False,True,10,4,0
2023-05-30,leg,17639,41427,10,0,1,1,True,False,True,1,1,0
2023-05-30,leg,17639,41427,10,0,1,1,True,False,True,2,1,0
2023-05-30,leg,17639,41427,10,0,1,1,True,False,True,3,1,0
2023-05-30,leg,17639,41427,10,0,1,1,True,False,True,4,1,0
2023-05-30,leg,17639,41427,10,0,1,1,True,False,True,5,1,0
2023-05-30,leg,17639,41427,10,0,1,1,True,False,True,6,1,0
2023-05-30,leg,17639,41427,10,0,1,1,True,False,True,7,1,0
2023-05-30,leg,17639,41427,10,0,1,1,True,False,True,8,1,0
2023-05-30,leg,17639,41427,10,0,1,1,True,False,True,9,1,0
2023-05-30,leg,17639,41427,10,0,1,1,True,False,True,10,1,0
2023-05-30,leg,17639,43413,10,0,1,1,True,False,True,1,1,0
2023-05-30,leg,17639,43413,10,0,1,1,True,False,True,2,1,0
2023-05-30,leg,17639,43413,10,0,1,1,True,False,True,3,1,0
2023-05-30,leg,17639,43413,10,0,1,1,True,False,True,4,1,0
2023-05-30,leg,17639,43413,10,0,1,1,True,False,True,5,1,0
2023-05-30,leg,17639,43413,10,0,1,1,True,False,True,6,1,0
2023-05-30,leg,17639,43413,10,0,1,1,True,False,True,7,1,0
2023-05-30,leg,17639,43413,10,0,1,1,True,False,True,8,1,0
2023-05-30,leg,17639,43413,10,0,1,1,True,False,True,9,1,0
2023-05-30,leg,17639,43413,10,0,1,1,True,False,True,10,1,0
2023-05-30,leg,17639,21312,10,0,1,1,True,False,True,1,1,0
2023-05-30,leg,17639,21312,10,0,1,1,True,False,True,2,1,0
2023-05-30,leg,17639,21312,10,0,1,1,True,False,True,3,1,0
2023-05-30,leg,17639,21312,10,0,1,1,True,False,True,4,1,0
2023-05-30,leg,17639,21312,10,0,1,1,True,False,True,5,1,0
2023-05-30,leg,17639,21312,10,0,1,1,True,False,True,6,1,0
2023-05-30,leg,17639,21312,10,0,1,1,True,False,True,7,1,0
2023-05-30,leg,17639,21312,10,0,1,1,True,False,True,8,1,0
2023-05-30,leg,17639,21312,10,0,1,1,True,False,True,9,1,0
2023-05-30,leg,17639,21312,10,0,1,1,True,False,True,10,1,0
2023-05-30,leg,6663,57495,10,0,39,"1,3",True,True,False,1,22,17
2023-05-30,leg,6663,57495,10,0,39,"1,3",True,True,False,2,34,5
2023-05-30,leg,6663,57495,10,0,39,"1,3",True,True,False,3,34,5
2023-05-30,leg,6663,57495,10,0,39,"1,3",True,True,False,4,34,5
2023-05-30,leg,6663,57495,10,0,39,"1,3",True,True,False,5,34,5
2023-05-30,leg,6663,57495,10,0,39,"1,3",True,True,False,6,35,4
2023-05-30,leg,6663,57495,10,0,39,"1,3",True,True,False,7,35,4
2023-05-30,leg,6663,57495,10,0,39,"1,3",True,True,False,8,39,0
2023-05-30,leg,6663,57495,10,0,39,"1,3",True,True,False,9,39,0
2023-05-30,leg,6663,57495,10,0,39,"1,3",True,True,False,10,39,0
2023-05-30,leg,17639,60917,10,0,1,1,True,False,True,1,1,0
2023-05-30,leg,17639,60917,10,0,1,1,True,False,True,2,1,0
2023-05-30,leg,17639,60917,10,0,1,1,True,False,True,3,1,0
2023-05-30,leg,17639,60917,10,0,1,1,True,False,True,4,1,0
2023-05-30,leg,17639,60917,10,0,1,1,True,False,True,5,1,0
2023-05-30,leg,17639,60917,10,0,1,1,True,False,True,6,1,0
2023-05-30,leg,17639,60917,10,0,1,1,True,False,True,7,1,0
2023-05-30,leg,17639,60917,10,0,1,1,True,False,True,8,1,0
2023-05-30,leg,17639,60917,10,0,1,1,True,False,True,9,1,0
2023-05-30,leg,17639,60917,10,0,1,1,True,False,True,10,1,0
2023-05-30,leg,17639,42981,10,0,1,1,True,False,True,1,1,0
2023-05-30,leg,17639,42981,10,0,1,1,True,False,True,2,1,0
2023-05-30,leg,17639,42981,10,0,1,1,True,False,True,3,1,0
2023-05-30,leg,17639,42981,10,0,1,1,True,False,True,4,1,0
2023-05-30,leg,17639,42981,10,0,1,1,True,False,True,5,1,0
2023-05-30,leg,17639,42981,10,0,1,1,True,False,True,6,1,0
2023-05-30,leg,17639,42981,10,0,1,1,True,False,True,7,1,0
2023-05-30,leg,17639,42981,10,0,1,1,True,False,True,8,1,0
2023-05-30,leg,17639,42981,10,0,1,1,True,False,True,9,1,0
2023-05-30,leg,17639,42981,10,0,1,1,True,False,True,10,1,0
2023-05-30,leg,33891,211918,10,0,2,1,True,False,False,1,2,0
2023-05-30,leg,33891,211918,10,0,2,1,True,False,False,2,2,0
2023-05-30,leg,33891,211918,10,0,2,1,True,False,False,3,2,0
2023-05-30,leg,33891,211918,10,0,2,1,True,False,False,4,2,0
2023-05-30,leg,33891,211918,10,0,2,1,True,False,False,5,2,0
2023-05-30,leg,33891,211918,10,0,2,1,True,False,False,6,2,0
2023-05-30,leg,33891,211918,10,0,2,1,True,False,False,7,2,0
2023-05-30,leg,33891,211918,10,0,2,1,True,False,False,8,2,0
2023-05-30,leg,33891,211918,10,0,2,1,True,False,False,9,2,0
2023-05-30,leg,33891,211918,10,0,2,1,True,False,False,10,2,0
2023-05-30,leg,16099,17639,10,0,1,1,True,False,True,1,1,0
2023-05-30,leg,16099,17639,10,0,1,1,True,False,True,2,1,0
2023-05-30,leg,16099,17639,10,0,1,1,True,False,True,3,1,0
2023-05-30,leg,16099,17639,10,0,1,1,True,False,True,4,1,0
2023-05-30,leg,16099,17639,10,0,1,1,True,False,True,5,1,0
2023-05-30,leg,16099,17639,10,0,1,1,True,False,True,6,1,0
2023-05-30,leg,16099,17639,10,0,1,1,True,False,True,7,1,0
2023-05-30,leg,16099,17639,10,0,1,1,True,False,True,8,1,0
2023-05-30,leg,16099,17639,10,0,1,1,True,False,True,9,1,0
2023-05-30,leg,16099,17639,10,0,1,1,True,False,True,10,1,0
2023-05-30,leg,17639,203348,10,0,1,1,True,False,True,1,1,0
2023-05-30,leg,17639,203348,10,0,1,1,True,False,True,2,1,0
2023-05-30,leg,17639,203348,10,0,1,1,True,False,True,3,1,0
2023-05-30,leg,17639,203348,10,0,1,1,True,False,True,4,1,0
2023-05-30,leg,17639,203348,10,0,1,1,True,False,True,5,1,0
2023-05-30,leg,17639,203348,10,0,1,1,True,False,True,6,1,0
2023-05-30,leg,17639,203348,10,0,1,1,True,False,True,7,1,0
2023-05-30,leg,17639,203348,10,0,1,1,True,False,True,8,1,0
2023-05-30,leg,17639,203348,10,0,1,1,True,False,True,9,1,0
2023-05-30,leg,17639,203348,10,0,1,1,True,False,True,10,1,0
2023-05-30,leg,17639,197197,10,0,1,1,True,False,True,1,1,0
2023-05-30,leg,17639,197197,10,0,1,1,True,False,True,2,1,0
2023-05-30,leg,17639,197197,10,0,1,1,True,False,True,3,1,0
2023-05-30,leg,17639,197197,10,0,1,1,True,False,True,4,1,0
2023-05-30,leg,17639,197197,10,0,1,1,True,False,True,5,1,0
2023-05-30,leg,17639,197197,10,0,1,1,True,False,True,6,1,0
2023-05-30,leg,17639,197197,10,0,1,1,True,False,True,7,1,0
2023-05-30,leg,17639,197197,10,0,1,1,True,False,True,8,1,0
2023-05-30,leg,17639,197197,10,0,1,1,True,False,True,9,1,0
2023-05-30,leg,17639,197197,10,0,1,1,True,False,True,10,1,0
2023-05-30,leg,34019,206446,10,0,2,1,True,False,False,1,2,0
2023-05-30,leg,34019,206446,10,0,2,1,True,False,False,2,2,0
2023-05-30,leg,34019,206446,10,0,2,1,True,False,False,3,2,0
2023-05-30,leg,34019,206446,10,0,2,1,True,False,False,4,2,0
2023-05-30,leg,34019,206446,10,0,2,1,True,False,False,5,2,0
2023-05-30,leg,34019,206446,10,0,2,1,True,False,False,6,2,0
2023-05-30,leg,34019,206446,10,0,2,1,True,False,False,7,2,0
2023-05-30,leg,34019,206446,10,0,2,1,True,False,False,8,2,0
2023-05-30,leg,34019,206446,10,0,2,1,True,False,False,9,2,0
2023-05-30,leg,34019,206446,10,0,2,1,True,False,False,10,2,0
2023-05-30,leg,34800,140731,10,0,1,1,True,True,False,1,1,0
2023-05-30,leg,34800,140731,10,0,1,1,True,True,False,2,1,0
2023-05-30,leg,34800,140731,10,0,1,1,True,True,False,3,1,0
2023-05-30,leg,34800,140731,10,0,1,1,True,True,False,4,1,0
2023-05-30,leg,34800,140731,10,0,1,1,True,True,False,5,1,0
2023-05-30,leg,34800,140731,10,0,1,1,True,True,False,6,1,0
2023-05-30,leg,34800,140731,10,0,1,1,True,True,False,7,1,0
2023-05-30,leg,34800,140731,10,0,1,1,True,True,False,8,1,0
2023-05-30,leg,34800,140731,10,0,1,1,True,True,False,9,1,0
2023-05-30,leg,34800,140731,10,0,1,1,True,True,False,10,1,0
2023-05-30,leg,4808,18239,10,0,223,1,True,False,False,1,223,0
2023-05-30,leg,4808,18239,10,0,223,1,True,False,False,2,223,0
2023-05-30,leg,4808,18239,10,0,223,1,True,False,False,3,223,0
2023-05-30,leg,4808,18239,10,0,223,1,True,False,False,4,223,0
2023-05-30,leg,4808,18239,10,0,223,1,True,False,False,5,223,0
2023-05-30,leg,4808,18239,10,0,223,1,True,False,False,6,223,0
2023-05-30,leg,4808,18239,10,0,223,1,True,False,False,7,223,0
2023-05-30,leg,4808,18239,10,0,223,1,True,False,False,8,223,0
2023-05-30,leg,4808,18239,10,0,223,1,True,False,False,9,223,0
2023-05-30,leg,4808,18239,10,0,223,1,True,False,False,10,223,0
2023-05-30,leg,14840,263609,10,0,1618,"1,2,3,5",True,False,False,1,1618,0
2023-05-30,leg,14840,263609,10,0,1618,"1,2,3,5",True,False,False,2,1618,0
2023-05-30,leg,14840,263609,10,0,1618,"1,2,3,5",True,False,False,3,1618,0
2023-05-30,leg,14840,263609,10,0,1618,"1,2,3,5",True,False,False,4,1618,0
2023-05-30,leg,14840,263609,10,0,1618,"1,2,3,5",True,False,False,5,1618,0
2023-05-30,leg,14840,263609,10,0,1618,"1,2,3,5",True,False,False,6,1618,0
2023-05-30,leg,14840,263609,10,0,1618,"1,2,3,5",True,False,False,7,1618,0
2023-05-30,leg,14840,263609,10,0,1618,"1,2,3,5",True,False,False,8,1618,0
2023-05-30,leg,14840,263609,10,0,1618,"1,2,3,5",True,False,False,9,1618,0
2023-05-30,leg,14840,263609,10,0,1618,"1,2,3,5",True,False,False,10,1618,0
2023-05-30,leg,17639,50169,10,0,1,1,True,False,True,1,1,0
2023-05-30,leg,17639,50169,10,0,1,1,True,False,True,2,1,0
2023-05-30,leg,17639,50169,10,0,1,1,True,False,True,3,1,0
2023-05-30,leg,17639,50169,10,0,1,1,True,False,True,4,1,0
2023-05-30,leg,17639,50169,10,0,1,1,True,False,True,5,1,0
2023-05-30,leg,17639,50169,10,0,1,1,True,False,True,6,1,0
2023-05-30,leg,17639,50169,10,0,1,1,True,False,True,7,1,0
2023-05-30,leg,17639,50169,10,0,1,1,True,False,True,8,1,0
2023-05-30,leg,17639,50169,10,0,1,1,True,False,True,9,1,0
2023-05-30,leg,17639,50169,10,0,1,1,True,False,True,10,1,0
2023-05-30,leg,17639,62363,10,0,1,1,True,False,True,1,1,0
2023-05-30,leg,17639,62363,10,0,1,1,True,False,True,2,1,0
2023-05-30,leg,17639,62363,10,0,1,1,True,False,True,3,1,0
2023-05-30,leg,17639,62363,10,0,1,1,True,False,True,4,1,0
2023-05-30,leg,17639,62363,10,0,1,1,True,False,True,5,1,0
2023-05-30,leg,17639,62363,10,0,1,1,True,False,True,6,1,0
2023-05-30,leg,17639,62363,10,0,1,1,True,False,True,7,1,0
2023-05-30,leg,17639,62363,10,0,1,1,True,False,True,8,1,0
2023-05-30,leg,17639,62363,10,0,1,1,True,False,True,9,1,0
2023-05-30,leg,17639,62363,10,0,1,1,True,False,True,10,1,0
2023-05-30,leg,4764,6461,10,0,1,2,True,False,False,1,1,0
2023-05-30,leg,4764,6461,10,0,1,2,True,False,False,2,1,0
2023-05-30,leg,4764,6461,10,0,1,2,True,False,False,3,1,0
2023-05-30,leg,4764,6461,10,0,1,2,True,False,False,4,1,0
2023-05-30,leg,4764,6461,10,0,1,2,True,False,False,5,1,0
2023-05-30,leg,4764,6461,10,0,1,2,True,False,False,6,1,0
2023-05-30,leg,4764,6461,10,0,1,2,True,False,False,7,1,0
2023-05-30,leg,4764,6461,10,0,1,2,True,False,False,8,1,0
2023-05-30,leg,4764,6461,10,0,1,2,True,False,False,9,1,0
2023-05-30,leg,4764,6461,10,0,1,2,True,False,False,10,1,0
2023-05-30,leg,17639,209368,10,0,1,1,True,False,True,1,1,0
2023-05-30,leg,17639,209368,10,0,1,1,True,False,True,2,1,0
2023-05-30,leg,17639,209368,10,0,1,1,True,False,True,3,1,0
2023-05-30,leg,17639,209368,10,0,1,1,True,False,True,4,1,0
2023-05-30,leg,17639,209368,10,0,1,1,True,False,True,5,1,0
2023-05-30,leg,17639,209368,10,0,1,1,True,False,True,6,1,0
2023-05-30,leg,17639,209368,10,0,1,1,True,False,True,7,1,0
2023-05-30,leg,17639,209368,10,0,1,1,True,False,True,8,1,0
2023-05-30,leg,17639,209368,10,0,1,1,True,False,True,9,1,0
2023-05-30,leg,17639,209368,10,0,1,1,True,False,True,10,1,0
2023-05-30,leg,58715,134146,10,0,1,2,True,False,False,1,1,0
2023-05-30,leg,58715,134146,10,0,1,2,True,False,False,2,1,0
2023-05-30,leg,58715,134146,10,0,1,2,True,False,False,3,1,0
2023-05-30,leg,58715,134146,10,0,1,2,True,False,False,4,1,0
2023-05-30,leg,58715,134146,10,0,1,2,True,False,False,5,1,0
2023-05-30,leg,58715,134146,10,0,1,2,True,False,False,6,1,0
2023-05-30,leg,58715,134146,10,0,1,2,True,False,False,7,1,0
2023-05-30,leg,58715,134146,10,0,1,2,True,False,False,8,1,0
2023-05-30,leg,58715,134146,10,0,1,2,True,False,False,9,1,0
2023-05-30,leg,58715,134146,10,0,1,2,True,False,False,10,1,0
2023-05-30,leg,17639,24806,10,0,1,1,True,False,True,1,1,0
2023-05-30,leg,17639,24806,10,0,1,1,True,False,True,2,1,0
2023-05-30,leg,17639,24806,10,0,1,1,True,False,True,3,1,0
2023-05-30,leg,17639,24806,10,0,1,1,True,False,True,4,1,0
2023-05-30,leg,17639,24806,10,0,1,1,True,False,True,5,1,0
2023-05-30,leg,17639,24806,10,0,1,1,True,False,True,6,1,0
2023-05-30,leg,17639,24806,10,0,1,1,True,False,True,7,1,0
2023-05-30,leg,17639,24806,10,0,1,1,True,False,True,8,1,0
2023-05-30,leg,17639,24806,10,0,1,1,True,False,True,9,1,0
2023-05-30,leg,17639,24806,10,0,1,1,True,False,True,10,1,0
2023-05-30,leg,17639,212751,10,0,1,1,True,False,True,1,1,0
2023-05-30,leg,17639,212751,10,0,1,1,True,False,True,2,1,0
2023-05-30,leg,17639,212751,10,0,1,1,True,False,True,3,1,0
2023-05-30,leg,17639,212751,10,0,1,1,True,False,True,4,1,0
2023-05-30,leg,17639,212751,10,0,1,1,True,False,True,5,1,0
2023-05-30,leg,17639,212751,10,0,1,1,True,False,True,6,1,0
2023-05-30,leg,17639,212751,10,0,1,1,True,False,True,7,1,0
2023-05-30,leg,17639,212751,10,0,1,1,True,False,True,8,1,0
2023-05-30,leg,17639,212751,10,0,1,1,True,False,True,9,1,0
2023-05-30,leg,17639,212751,10,0,1,1,True,False,True,10,1,0
2023-05-30,leg,17639,56971,10,0,1,1,True,False,True,1,1,0
2023-05-30,leg,17639,56971,10,0,1,1,True,False,True,2,1,0
2023-05-30,leg,17639,56971,10,0,1,1,True,False,True,3,1,0
2023-05-30,leg,17639,56971,10,0,1,1,True,False,True,4,1,0
2023-05-30,leg,17639,56971,10,0,1,1,True,False,True,5,1,0
2023-05-30,leg,17639,56971,10,0,1,1,True,False,True,6,1,0
2023-05-30,leg,17639,56971,10,0,1,1,True,False,True,7,1,0
2023-05-30,leg,17639,56971,10,0,1,1,True,False,True,8,1,0
2023-05-30,leg,17639,56971,10,0,1,1,True,False,True,9,1,0
2023-05-30,leg,17639,56971,10,0,1,1,True,False,True,10,1,0
2023-05-30,leg,17639,207912,10,0,1,1,True,False,True,1,1,0
2023-05-30,leg,17639,207912,10,0,1,1,True,False,True,2,1,0
2023-05-30,leg,17639,207912,10,0,1,1,True,False,True,3,1,0
2023-05-30,leg,17639,207912,10,0,1,1,True,False,True,4,1,0
2023-05-30,leg,17639,207912,10,0,1,1,True,False,True,5,1,0
2023-05-30,leg,17639,207912,10,0,1,1,True,False,True,6,1,0
2023-05-30,leg,17639,207912,10,0,1,1,True,False,True,7,1,0
2023-05-30,leg,17639,207912,10,0,1,1,True,False,True,8,1,0
2023-05-30,leg,17639,207912,10,0,1,1,True,False,True,9,1,0
2023-05-30,leg,17639,207912,10,0,1,1,True,False,True,10,1,0
2023-05-30,leg,17639,205697,10,0,1,1,True,False,True,1,1,0
2023-05-30,leg,17639,205697,10,0,1,1,True,False,True,2,1,0
2023-05-30,leg,17639,205697,10,0,1,1,True,False,True,3,1,0
2023-05-30,leg,17639,205697,10,0,1,1,True,False,True,4,1,0
2023-05-30,leg,17639,205697,10,0,1,1,True,False,True,5,1,0
2023-05-30,leg,17639,205697,10,0,1,1,True,False,True,6,1,0
2023-05-30,leg,17639,205697,10,0,1,1,True,False,True,7,1,0
2023-05-30,leg,17639,205697,10,0,1,1,True,False,True,8,1,0
2023-05-30,leg,17639,205697,10,0,1,1,True,False,True,9,1,0
2023-05-30,leg,17639,205697,10,0,1,1,True,False,True,10,1,0
2023-05-30,leg,17639,35508,10,0,1,1,True,False,True,1,1,0
2023-05-30,leg,17639,35508,10,0,1,1,True,False,True,2,1,0
2023-05-30,leg,17639,35508,10,0,1,1,True,False,True,3,1,0
2023-05-30,leg,17639,35508,10,0,1,1,True,False,True,4,1,0
2023-05-30,leg,17639,35508,10,0,1,1,True,False,True,5,1,0
2023-05-30,leg,17639,35508,10,0,1,1,True,False,True,6,1,0
2023-05-30,leg,17639,35508,10,0,1,1,True,False,True,7,1,0
2023-05-30,leg,17639,35508,10,0,1,1,True,False,True,8,1,0
2023-05-30,leg,17639,35508,10,0,1,1,True,False,True,9,1,0
2023-05-30,leg,17639,35508,10,0,1,1,True,False,True,10,1,0
2023-05-30,leg,17639,197825,10,0,1,1,True,False,True,1,1,0
2023-05-30,leg,17639,197825,10,0,1,1,True,False,True,2,1,0
2023-05-30,leg,17639,197825,10,0,1,1,True,False,True,3,1,0
2023-05-30,leg,17639,197825,10,0,1,1,True,False,True,4,1,0
2023-05-30,leg,17639,197825,10,0,1,1,True,False,True,5,1,0
2023-05-30,leg,17639,197825,10,0,1,1,True,False,True,6,1,0
2023-05-30,leg,17639,197825,10,0,1,1,True,False,True,7,1,0
2023-05-30,leg,17639,197825,10,0,1,1,True,False,True,8,1,0
2023-05-30,leg,17639,197825,10,0,1,1,True,False,True,9,1,0
2023-05-30,leg,17639,197825,10,0,1,1,True,False,True,10,1,0
2023-05-30,leg,17639,64411,10,0,1,1,True,False,True,1,1,0
2023-05-30,leg,17639,64411,10,0,1,1,True,False,True,2,1,0
2023-05-30,leg,17639,64411,10,0,1,1,True,False,True,3,1,0
2023-05-30,leg,17639,64411,10,0,1,1,True,False,True,4,1,0
2023-05-30,leg,17639,64411,10,0,1,1,True,False,True,5,1,0
2023-05-30,leg,17639,64411,10,0,1,1,True,False,True,6,1,0
2023-05-30,leg,17639,64411,10,0,1,1,True,False,True,7,1,0
2023-05-30,leg,17639,64411,10,0,1,1,True,False,True,8,1,0
2023-05-30,leg,17639,64411,10,0,1,1,True,False,True,9,1,0
2023-05-30,leg,17639,64411,10,0,1,1,True,False,True,10,1,0
2023-05-30,leg,59239,150114,10,0,638,1,True,False,False,1,600,38
2023-05-30,leg,59239,150114,10,0,638,1,True,False,False,2,638,0
2023-05-30,leg,59239,150114,10,0,638,1,True,False,False,3,638,0
2023-05-30,leg,59239,150114,10,0,638,1,True,False,False,4,638,0
2023-05-30,leg,59239,150114,10,0,638,1,True,False,False,5,638,0
2023-05-30,leg,59239,150114,10,0,638,1,True,False,False,6,638,0
2023-05-30,leg,59239,150114,10,0,638,1,True,False,False,7,638,0
2023-05-30,leg,59239,150114,10,0,638,1,True,False,False,8,638,0
2023-05-30,leg,59239,150114,10,0,638,1,True,False,False,9,638,0
2023-05-30,leg,59239,150114,10,0,638,1,True,False,False,10,638,0
2023-05-30,leg,17639,34847,10,0,1,1,True,False,True,1,1,0
2023-05-30,leg,17639,34847,10,0,1,1,True,False,True,2,1,0
2023-05-30,leg,17639,34847,10,0,1,1,True,False,True,3,1,0
2023-05-30,leg,17639,34847,10,0,1,1,True,False,True,4,1,0
2023-05-30,leg,17639,34847,10,0,1,1,True,False,True,5,1,0
2023-05-30,leg,17639,34847,10,0,1,1,True,False,True,6,1,0
2023-05-30,leg,17639,34847,10,0,1,1,True,False,True,7,1,0
2023-05-30,leg,17639,34847,10,0,1,1,True,False,True,8,1,0
2023-05-30,leg,17639,34847,10,0,1,1,True,False,True,9,1,0
2023-05-30,leg,17639,34847,10,0,1,1,True,False,True,10,1,0
2023-05-30,leg,17639,200197,10,0,1,1,True,False,True,1,1,0
2023-05-30,leg,17639,200197,10,0,1,1,True,False,True,2,1,0
2023-05-30,leg,17639,200197,10,0,1,1,True,False,True,3,1,0
2023-05-30,leg,17639,200197,10,0,1,1,True,False,True,4,1,0
2023-05-30,leg,17639,200197,10,0,1,1,True,False,True,5,1,0
2023-05-30,leg,17639,200197,10,0,1,1,True,False,True,6,1,0
2023-05-30,leg,17639,200197,10,0,1,1,True,False,True,7,1,0
2023-05-30,leg,17639,200197,10,0,1,1,True,False,True,8,1,0
2023-05-30,leg,17639,200197,10,0,1,1,True,False,True,9,1,0
2023-05-30,leg,17639,200197,10,0,1,1,True,False,True,10,1,0
2023-05-30,leg,17639,50833,10,0,1,1,True,False,True,1,1,0
2023-05-30,leg,17639,50833,10,0,1,1,True,False,True,2,1,0
2023-05-30,leg,17639,50833,10,0,1,1,True,False,True,3,1,0
2023-05-30,leg,17639,50833,10,0,1,1,True,False,True,4,1,0
2023-05-30,leg,17639,50833,10,0,1,1,True,False,True,5,1,0
2023-05-30,leg,17639,50833,10,0,1,1,True,False,True,6,1,0
2023-05-30,leg,17639,50833,10,0,1,1,True,False,True,7,1,0
2023-05-30,leg,17639,50833,10,0,1,1,True,False,True,8,1,0
2023-05-30,leg,17639,50833,10,0,1,1,True,False,True,9,1,0
2023-05-30,leg,17639,50833,10,0,1,1,True,False,True,10,1,0
2023-05-30,leg,17639,201594,10,0,1,1,True,False,True,1,1,0
2023-05-30,leg,17639,201594,10,0,1,1,True,False,True,2,1,0
2023-05-30,leg,17639,201594,10,0,1,1,True,False,True,3,1,0
2023-05-30,leg,17639,201594,10,0,1,1,True,False,True,4,1,0
2023-05-30,leg,17639,201594,10,0,1,1,True,False,True,5,1,0
2023-05-30,leg,17639,201594,10,0,1,1,True,False,True,6,1,0
2023-05-30,leg,17639,201594,10,0,1,1,True,False,True,7,1,0
2023-05-30,leg,17639,201594,10,0,1,1,True,False,True,8,1,0
2023-05-30,leg,17639,201594,10,0,1,1,True,False,True,9,1,0
2023-05-30,leg,17639,201594,10,0,1,1,True,False,True,10,1,0
2023-05-30,leg,53184,61650,10,0,1,3,True,False,False,1,1,0
2023-05-30,leg,53184,61650,10,0,1,3,True,False,False,2,1,0
2023-05-30,leg,53184,61650,10,0,1,3,True,False,False,3,1,0
2023-05-30,leg,53184,61650,10,0,1,3,True,False,False,4,1,0
2023-05-30,leg,53184,61650,10,0,1,3,True,False,False,5,1,0
2023-05-30,leg,53184,61650,10,0,1,3,True,False,False,6,1,0
2023-05-30,leg,53184,61650,10,0,1,3,True,False,False,7,1,0
2023-05-30,leg,53184,61650,10,0,1,3,True,False,False,8,1,0
2023-05-30,leg,53184,61650,10,0,1,3,True,False,False,9,1,0
2023-05-30,leg,53184,61650,10,0,1,3,True,False,False,10,1,0
2023-05-30,leg,17639,29491,10,0,1,2,True,False,True,1,1,0
2023-05-30,leg,17639,29491,10,0,1,2,True,False,True,2,1,0
2023-05-30,leg,17639,29491,10,0,1,2,True,False,True,3,1,0
2023-05-30,leg,17639,29491,10,0,1,2,True,False,True,4,1,0
2023-05-30,leg,17639,29491,10,0,1,2,True,False,True,5,1,0
2023-05-30,leg,17639,29491,10,0,1,2,True,False,True,6,1,0
2023-05-30,leg,17639,29491,10,0,1,2,True,False,True,7,1,0
2023-05-30,leg,17639,29491,10,0,1,2,True,False,True,8,1,0
2023-05-30,leg,17639,29491,10,0,1,2,True,False,True,9,1,0
2023-05-30,leg,17639,29491,10,0,1,2,True,False,True,10,1,0
2023-05-30,leg,9304,50624,10,0,2,1,True,False,False,1,2,0
2023-05-30,leg,9304,50624,10,0,2,1,True,False,False,2,2,0
2023-05-30,leg,9304,50624,10,0,2,1,True,False,False,3,2,0
2023-05-30,leg,9304,50624,10,0,2,1,True,False,False,4,2,0
2023-05-30,leg,9304,50624,10,0,2,1,True,False,False,5,2,0
2023-05-30,leg,9304,50624,10,0,2,1,True,False,False,6,2,0
2023-05-30,leg,9304,50624,10,0,2,1,True,False,False,7,2,0
2023-05-30,leg,9304,50624,10,0,2,1,True,False,False,8,2,0
2023-05-30,leg,9304,50624,10,0,2,1,True,False,False,9,2,0
2023-05-30,leg,9304,50624,10,0,2,1,True,False,False,10,2,0
2023-05-30,leg,17639,199536,10,0,1,1,True,False,True,1,1,0
2023-05-30,leg,17639,199536,10,0,1,1,True,False,True,2,1,0
2023-05-30,leg,17639,199536,10,0,1,1,True,False,True,3,1,0
2023-05-30,leg,17639,199536,10,0,1,1,True,False,True,4,1,0
2023-05-30,leg,17639,199536,10,0,1,1,True,False,True,5,1,0
2023-05-30,leg,17639,199536,10,0,1,1,True,False,True,6,1,0
2023-05-30,leg,17639,199536,10,0,1,1,True,False,True,7,1,0
2023-05-30,leg,17639,199536,10,0,1,1,True,False,True,8,1,0
2023-05-30,leg,17639,199536,10,0,1,1,True,False,True,9,1,0
2023-05-30,leg,17639,199536,10,0,1,1,True,False,True,10,1,0
2023-05-30,leg,17639,47283,10,0,1,1,True,False,True,1,1,0
2023-05-30,leg,17639,47283,10,0,1,1,True,False,True,2,1,0
2023-05-30,leg,17639,47283,10,0,1,1,True,False,True,3,1,0
2023-05-30,leg,17639,47283,10,0,1,1,True,False,True,4,1,0
2023-05-30,leg,17639,47283,10,0,1,1,True,False,True,5,1,0
2023-05-30,leg,17639,47283,10,0,1,1,True,False,True,6,1,0
2023-05-30,leg,17639,47283,10,0,1,1,True,False,True,7,1,0
2023-05-30,leg,17639,47283,10,0,1,1,True,False,True,8,1,0
2023-05-30,leg,17639,47283,10,0,1,1,True,False,True,9,1,0
2023-05-30,leg,17639,47283,10,0,1,1,True,False,True,10,1,0
2023-05-30,leg,17639,200668,10,0,1,1,True,False,True,1,1,0
2023-05-30,leg,17639,200668,10,0,1,1,True,False,True,2,1,0
2023-05-30,leg,17639,200668,10,0,1,1,True,False,True,3,1,0
2023-05-30,leg,17639,200668,10,0,1,1,True,False,True,4,1,0
2023-05-30,leg,17639,200668,10,0,1,1,True,False,True,5,1,0
2023-05-30,leg,17639,200668,10,0,1,1,True,False,True,6,1,0
2023-05-30,leg,17639,200668,10,0,1,1,True,False,True,7,1,0
2023-05-30,leg,17639,200668,10,0,1,1,True,False,True,8,1,0
2023-05-30,leg,17639,200668,10,0,1,1,True,False,True,9,1,0
2023-05-30,leg,17639,200668,10,0,1,1,True,False,True,10,1,0
2023-05-30,leg,45489,149576,10,0,1,1,True,False,True,1,1,0
2023-05-30,leg,45489,149576,10,0,1,1,True,False,True,2,1,0
2023-05-30,leg,45489,149576,10,0,1,1,True,False,True,3,1,0
2023-05-30,leg,45489,149576,10,0,1,1,True,False,True,4,1,0
2023-05-30,leg,45489,149576,10,0,1,1,True,False,True,5,1,0
2023-05-30,leg,45489,149576,10,0,1,1,True,False,True,6,1,0
2023-05-30,leg,45489,149576,10,0,1,1,True,False,True,7,1,0
2023-05-30,leg,45489,149576,10,0,1,1,True,False,True,8,1,0
2023-05-30,leg,45489,149576,10,0,1,1,True,False,True,9,1,0
2023-05-30,leg,45489,149576,10,0,1,1,True,False,True,10,1,0
2023-05-30,leg,17639,206446,10,0,1,1,True,False,True,1,1,0
2023-05-30,leg,17639,206446,10,0,1,1,True,False,True,2,1,0
2023-05-30,leg,17639,206446,10,0,1,1,True,False,True,3,1,0
2023-05-30,leg,17639,206446,10,0,1,1,True,False,True,4,1,0
2023-05-30,leg,17639,206446,10,0,1,1,True,False,True,5,1,0
2023-05-30,leg,17639,206446,10,0,1,1,True,False,True,6,1,0
2023-05-30,leg,17639,206446,10,0,1,1,True,False,True,7,1,0
2023-05-30,leg,17639,206446,10,0,1,1,True,False,True,8,1,0
2023-05-30,leg,17639,206446,10,0,1,1,True,False,True,9,1,0
2023-05-30,leg,17639,206446,10,0,1,1,True,False,True,10,1,0
2023-05-30,leg,293,50154,10,0,1,1,True,False,True,1,1,0
2023-05-30,leg,293,50154,10,0,1,1,True,False,True,2,1,0
2023-05-30,leg,293,50154,10,0,1,1,True,False,True,3,1,0
2023-05-30,leg,293,50154,10,0,1,1,True,False,True,4,1,0
2023-05-30,leg,293,50154,10,0,1,1,True,False,True,5,1,0
2023-05-30,leg,293,50154,10,0,1,1,True,False,True,6,1,0
2023-05-30,leg,293,50154,10,0,1,1,True,False,True,7,1,0
2023-05-30,leg,293,50154,10,0,1,1,True,False,True,8,1,0
2023-05-30,leg,293,50154,10,0,1,1,True,False,True,9,1,0
2023-05-30,leg,293,50154,10,0,1,1,True,False,True,10,1,0
2023-05-30,leg,293,13150,10,0,1,1,True,False,True,1,1,0
2023-05-30,leg,293,13150,10,0,1,1,True,False,True,2,1,0
2023-05-30,leg,293,13150,10,0,1,1,True,False,True,3,1,0
2023-05-30,leg,293,13150,10,0,1,1,True,False,True,4,1,0
2023-05-30,leg,293,13150,10,0,1,1,True,False,True,5,1,0
2023-05-30,leg,293,13150,10,0,1,1,True,False,True,6,1,0
2023-05-30,leg,293,13150,10,0,1,1,True,False,True,7,1,0
2023-05-30,leg,293,13150,10,0,1,1,True,False,True,8,1,0
2023-05-30,leg,293,13150,10,0,1,1,True,False,True,9,1,0
2023-05-30,leg,293,13150,10,0,1,1,True,False,True,10,1,0
2023-05-30,leg,17639,207614,10,0,1,1,True,False,True,1,1,0
2023-05-30,leg,17639,207614,10,0,1,1,True,False,True,2,1,0
2023-05-30,leg,17639,207614,10,0,1,1,True,False,True,3,1,0
2023-05-30,leg,17639,207614,10,0,1,1,True,False,True,4,1,0
2023-05-30,leg,17639,207614,10,0,1,1,True,False,True,5,1,0
2023-05-30,leg,17639,207614,10,0,1,1,True,False,True,6,1,0
2023-05-30,leg,17639,207614,10,0,1,1,True,False,True,7,1,0
2023-05-30,leg,17639,207614,10,0,1,1,True,False,True,8,1,0
2023-05-30,leg,17639,207614,10,0,1,1,True,False,True,9,1,0
2023-05-30,leg,17639,207614,10,0,1,1,True,False,True,10,1,0
2023-05-30,leg,17639,201198,10,0,1,1,True,False,True,1,1,0
2023-05-30,leg,17639,201198,10,0,1,1,True,False,True,2,1,0
2023-05-30,leg,17639,201198,10,0,1,1,True,False,True,3,1,0
2023-05-30,leg,17639,201198,10,0,1,1,True,False,True,4,1,0
2023-05-30,leg,17639,201198,10,0,1,1,True,False,True,5,1,0
2023-05-30,leg,17639,201198,10,0,1,1,True,False,True,6,1,0
2023-05-30,leg,17639,201198,10,0,1,1,True,False,True,7,1,0
2023-05-30,leg,17639,201198,10,0,1,1,True,False,True,8,1,0
2023-05-30,leg,17639,201198,10,0,1,1,True,False,True,9,1,0
2023-05-30,leg,17639,201198,10,0,1,1,True,False,True,10,1,0
2023-05-30,leg,17639,199657,10,0,1,1,True,False,True,1,1,0
2023-05-30,leg,17639,199657,10,0,1,1,True,False,True,2,1,0
2023-05-30,leg,17639,199657,10,0,1,1,True,False,True,3,1,0
2023-05-30,leg,17639,199657,10,0,1,1,True,False,True,4,1,0
2023-05-30,leg,17639,199657,10,0,1,1,True,False,True,5,1,0
2023-05-30,leg,17639,199657,10,0,1,1,True,False,True,6,1,0
2023-05-30,leg,17639,199657,10,0,1,1,True,False,True,7,1,0
2023-05-30,leg,17639,199657,10,0,1,1,True,False,True,8,1,0
2023-05-30,leg,17639,199657,10,0,1,1,True,False,True,9,1,0
2023-05-30,leg,17639,199657,10,0,1,1,True,False,True,10,1,0
2023-05-30,leg,6461,400381,10,0,187,1,True,False,False,1,187,0
2023-05-30,leg,6461,400381,10,0,187,1,True,False,False,2,187,0
2023-05-30,leg,6461,400381,10,0,187,1,True,False,False,3,187,0
2023-05-30,leg,6461,400381,10,0,187,1,True,False,False,4,187,0
2023-05-30,leg,6461,400381,10,0,187,1,True,False,False,5,187,0
2023-05-30,leg,6461,400381,10,0,187,1,True,False,False,6,187,0
2023-05-30,leg,6461,400381,10,0,187,1,True,False,False,7,187,0
2023-05-30,leg,6461,400381,10,0,187,1,True,False,False,8,187,0
2023-05-30,leg,6461,400381,10,0,187,1,True,False,False,9,187,0
2023-05-30,leg,6461,400381,10,0,187,1,True,False,False,10,187,0
2023-05-30,leg,50624,132337,10,0,1,1,True,False,True,1,1,0
2023-05-30,leg,50624,132337,10,0,1,1,True,False,True,2,1,0
2023-05-30,leg,50624,132337,10,0,1,1,True,False,True,3,1,0
2023-05-30,leg,50624,132337,10,0,1,1,True,False,True,4,1,0
2023-05-30,leg,50624,132337,10,0,1,1,True,False,True,5,1,0
2023-05-30,leg,50624,132337,10,0,1,1,True,False,True,6,1,0
2023-05-30,leg,50624,132337,10,0,1,1,True,False,True,7,1,0
2023-05-30,leg,50624,132337,10,0,1,1,True,False,True,8,1,0
2023-05-30,leg,50624,132337,10,0,1,1,True,False,True,9,1,0
2023-05-30,leg,50624,132337,10,0,1,1,True,False,True,10,1,0
2023-05-30,leg,18056,55685,10,0,252,1,True,False,False,1,252,0
2023-05-30,leg,18056,55685,10,0,252,1,True,False,False,2,252,0
2023-05-30,leg,18056,55685,10,0,252,1,True,False,False,3,252,0
2023-05-30,leg,18056,55685,10,0,252,1,True,False,False,4,252,0
2023-05-30,leg,18056,55685,10,0,252,1,True,False,False,5,252,0
2023-05-30,leg,18056,55685,10,0,252,1,True,False,False,6,252,0
2023-05-30,leg,18056,55685,10,0,252,1,True,False,False,7,252,0
2023-05-30,leg,18056,55685,10,0,252,1,True,False,False,8,252,0
2023-05-30,leg,18056,55685,10,0,252,1,True,False,False,9,252,0
2023-05-30,leg,18056,55685,10,0,252,1,True,False,False,10,252,0
2023-05-30,leg,17639,57877,10,0,2,"1,2",True,False,True,1,2,0
2023-05-30,leg,17639,57877,10,0,2,"1,2",True,False,True,2,2,0
2023-05-30,leg,17639,57877,10,0,2,"1,2",True,False,True,3,2,0
2023-05-30,leg,17639,57877,10,0,2,"1,2",True,False,True,4,2,0
2023-05-30,leg,17639,57877,10,0,2,"1,2",True,False,True,5,2,0
2023-05-30,leg,17639,57877,10,0,2,"1,2",True,False,True,6,2,0
2023-05-30,leg,17639,57877,10,0,2,"1,2",True,False,True,7,2,0
2023-05-30,leg,17639,57877,10,0,2,"1,2",True,False,True,8,2,0
2023-05-30,leg,17639,57877,10,0,2,"1,2",True,False,True,9,2,0
2023-05-30,leg,17639,57877,10,0,2,"1,2",True,False,True,10,2,0
2023-05-30,leg,37721,50624,10,0,1,1,True,False,True,1,1,0
2023-05-30,leg,37721,50624,10,0,1,1,True,False,True,2,1,0
2023-05-30,leg,37721,50624,10,0,1,1,True,False,True,3,1,0
2023-05-30,leg,37721,50624,10,0,1,1,True,False,True,4,1,0
2023-05-30,leg,37721,50624,10,0,1,1,True,False,True,5,1,0
2023-05-30,leg,37721,50624,10,0,1,1,True,False,True,6,1,0
2023-05-30,leg,37721,50624,10,0,1,1,True,False,True,7,1,0
2023-05-30,leg,37721,50624,10,0,1,1,True,False,True,8,1,0
2023-05-30,leg,37721,50624,10,0,1,1,True,False,True,9,1,0
2023-05-30,leg,37721,50624,10,0,1,1,True,False,True,10,1,0
2023-05-30,leg,18403,20940,10,0,5,"1,2",True,False,False,1,5,0
2023-05-30,leg,18403,20940,10,0,5,"1,2",True,False,False,2,5,0
2023-05-30,leg,18403,20940,10,0,5,"1,2",True,False,False,3,5,0
2023-05-30,leg,18403,20940,10,0,5,"1,2",True,False,False,4,5,0
2023-05-30,leg,18403,20940,10,0,5,"1,2",True,False,False,5,5,0
2023-05-30,leg,18403,20940,10,0,5,"1,2",True,False,False,6,5,0
2023-05-30,leg,18403,20940,10,0,5,"1,2",True,False,False,7,5,0
2023-05-30,leg,18403,20940,10,0,5,"1,2",True,False,False,8,5,0
2023-05-30,leg,18403,20940,10,0,5,"1,2",True,False,False,9,5,0
2023-05-30,leg,18403,20940,10,0,5,"1,2",True,False,False,10,5,0
2023-05-30,leg,17639,42830,10,0,2,"1,2",True,False,True,1,2,0
2023-05-30,leg,17639,42830,10,0,2,"1,2",True,False,True,2,2,0
2023-05-30,leg,17639,42830,10,0,2,"1,2",True,False,True,3,2,0
2023-05-30,leg,17639,42830,10,0,2,"1,2",True,False,True,4,2,0
2023-05-30,leg,17639,42830,10,0,2,"1,2",True,False,True,5,2,0
2023-05-30,leg,17639,42830,10,0,2,"1,2",True,False,True,6,2,0
2023-05-30,leg,17639,42830,10,0,2,"1,2",True,False,True,7,2,0
2023-05-30,leg,17639,42830,10,0,2,"1,2",True,False,True,8,2,0
2023-05-30,leg,17639,42830,10,0,2,"1,2",True,False,True,9,2,0
2023-05-30,leg,17639,42830,10,0,2,"1,2",True,False,True,10,2,0
2023-05-30,leg,17639,202896,10,0,1,1,True,False,True,1,1,0
2023-05-30,leg,17639,202896,10,0,1,1,True,False,True,2,1,0
2023-05-30,leg,17639,202896,10,0,1,1,True,False,True,3,1,0
2023-05-30,leg,17639,202896,10,0,1,1,True,False,True,4,1,0
2023-05-30,leg,17639,202896,10,0,1,1,True,False,True,5,1,0
2023-05-30,leg,17639,202896,10,0,1,1,True,False,True,6,1,0
2023-05-30,leg,17639,202896,10,0,1,1,True,False,True,7,1,0
2023-05-30,leg,17639,202896,10,0,1,1,True,False,True,8,1,0
2023-05-30,leg,17639,202896,10,0,1,1,True,False,True,9,1,0
2023-05-30,leg,17639,202896,10,0,1,1,True,False,True,10,1,0
2023-05-30,leg,17639,48428,10,0,1,1,True,False,True,1,1,0
2023-05-30,leg,17639,48428,10,0,1,1,True,False,True,2,1,0
2023-05-30,leg,17639,48428,10,0,1,1,True,False,True,3,1,0
2023-05-30,leg,17639,48428,10,0,1,1,True,False,True,4,1,0
2023-05-30,leg,17639,48428,10,0,1,1,True,False,True,5,1,0
2023-05-30,leg,17639,48428,10,0,1,1,True,False,True,6,1,0
2023-05-30,leg,17639,48428,10,0,1,1,True,False,True,7,1,0
2023-05-30,leg,17639,48428,10,0,1,1,True,False,True,8,1,0
2023-05-30,leg,17639,48428,10,0,1,1,True,False,True,9,1,0
2023-05-30,leg,17639,48428,10,0,1,1,True,False,True,10,1,0
2023-05-30,leg,14840,263674,10,0,1,1,True,False,True,1,1,0
2023-05-30,leg,14840,263674,10,0,1,1,True,False,True,2,1,0
2023-05-30,leg,14840,263674,10,0,1,1,True,False,True,3,1,0
2023-05-30,leg,14840,263674,10,0,1,1,True,False,True,4,1,0
2023-05-30,leg,14840,263674,10,0,1,1,True,False,True,5,1,0
2023-05-30,leg,14840,263674,10,0,1,1,True,False,True,6,1,0
2023-05-30,leg,14840,263674,10,0,1,1,True,False,True,7,1,0
2023-05-30,leg,14840,263674,10,0,1,1,True,False,True,8,1,0
2023-05-30,leg,14840,263674,10,0,1,1,True,False,True,9,1,0
2023-05-30,leg,14840,263674,10,0,1,1,True,False,True,10,1,0
2023-05-30,leg,24961,28265,10,0,2,2,True,False,False,1,2,0
2023-05-30,leg,24961,28265,10,0,2,2,True,False,False,2,2,0
2023-05-30,leg,24961,28265,10,0,2,2,True,False,False,3,2,0
2023-05-30,leg,24961,28265,10,0,2,2,True,False,False,4,2,0
2023-05-30,leg,24961,28265,10,0,2,2,True,False,False,5,2,0
2023-05-30,leg,24961,28265,10,0,2,2,True,False,False,6,2,0
2023-05-30,leg,24961,28265,10,0,2,2,True,False,False,7,2,0
2023-05-30,leg,24961,28265,10,0,2,2,True,False,False,8,2,0
2023-05-30,leg,24961,28265,10,0,2,2,True,False,False,9,2,0
2023-05-30,leg,24961,28265,10,0,2,2,True,False,False,10,2,0
2023-05-30,leg,17639,203835,10,0,1,1,True,False,True,1,1,0
2023-05-30,leg,17639,203835,10,0,1,1,True,False,True,2,1,0
2023-05-30,leg,17639,203835,10,0,1,1,True,False,True,3,1,0
2023-05-30,leg,17639,203835,10,0,1,1,True,False,True,4,1,0
2023-05-30,leg,17639,203835,10,0,1,1,True,False,True,5,1,0
2023-05-30,leg,17639,203835,10,0,1,1,True,False,True,6,1,0
2023-05-30,leg,17639,203835,10,0,1,1,True,False,True,7,1,0
2023-05-30,leg,17639,203835,10,0,1,1,True,False,True,8,1,0
2023-05-30,leg,17639,203835,10,0,1,1,True,False,True,9,1,0
2023-05-30,leg,17639,203835,10,0,1,1,True,False,True,10,1,0
2023-05-30,leg,17639,263470,10,0,1,3,True,False,True,1,1,0
2023-05-30,leg,17639,263470,10,0,1,3,True,False,True,2,1,0
2023-05-30,leg,17639,263470,10,0,1,3,True,False,True,3,1,0
2023-05-30,leg,17639,263470,10,0,1,3,True,False,True,4,1,0
2023-05-30,leg,17639,263470,10,0,1,3,True,False,True,5,1,0
2023-05-30,leg,17639,263470,10,0,1,3,True,False,True,6,1,0
2023-05-30,leg,17639,263470,10,0,1,3,True,False,True,7,1,0
2023-05-30,leg,17639,263470,10,0,1,3,True,False,True,8,1,0
2023-05-30,leg,17639,263470,10,0,1,3,True,False,True,9,1,0
2023-05-30,leg,17639,263470,10,0,1,3,True,False,True,10,1,0
2023-05-30,leg,25053,62239,10,0,118,1,True,False,False,1,118,0
2023-05-30,leg,25053,62239,10,0,118,1,True,False,False,2,118,0
2023-05-30,leg,25053,62239,10,0,118,1,True,False,False,3,118,0
2023-05-30,leg,25053,62239,10,0,118,1,True,False,False,4,118,0
2023-05-30,leg,25053,62239,10,0,118,1,True,False,False,5,118,0
2023-05-30,leg,25053,62239,10,0,118,1,True,False,False,6,118,0
2023-05-30,leg,25053,62239,10,0,118,1,True,False,False,7,118,0
2023-05-30,leg,25053,62239,10,0,118,1,True,False,False,8,118,0
2023-05-30,leg,25053,62239,10,0,118,1,True,False,False,9,118,0
2023-05-30,leg,25053,62239,10,0,118,1,True,False,False,10,118,0
2023-05-30,leg,17639,199490,10,0,2,"1,2",True,False,True,1,2,0
2023-05-30,leg,17639,199490,10,0,2,"1,2",True,False,True,2,2,0
2023-05-30,leg,17639,199490,10,0,2,"1,2",True,False,True,3,2,0
2023-05-30,leg,17639,199490,10,0,2,"1,2",True,False,True,4,2,0
2023-05-30,leg,17639,199490,10,0,2,"1,2",True,False,True,5,2,0
2023-05-30,leg,17639,199490,10,0,2,"1,2",True,False,True,6,2,0
2023-05-30,leg,17639,199490,10,0,2,"1,2",True,False,True,7,2,0
2023-05-30,leg,17639,199490,10,0,2,"1,2",True,False,True,8,2,0
2023-05-30,leg,17639,199490,10,0,2,"1,2",True,False,True,9,2,0
2023-05-30,leg,17639,199490,10,0,2,"1,2",True,False,True,10,2,0
2023-05-30,leg,61568,262846,10,0,1,1,True,False,True,1,1,0
2023-05-30,leg,61568,262846,10,0,1,1,True,False,True,2,1,0
2023-05-30,leg,61568,262846,10,0,1,1,True,False,True,3,1,0
2023-05-30,leg,61568,262846,10,0,1,1,True,False,True,4,1,0
2023-05-30,leg,61568,262846,10,0,1,1,True,False,True,5,1,0
2023-05-30,leg,61568,262846,10,0,1,1,True,False,True,6,1,0
2023-05-30,leg,61568,262846,10,0,1,1,True,False,True,7,1,0
2023-05-30,leg,61568,262846,10,0,1,1,True,False,True,8,1,0
2023-05-30,leg,61568,262846,10,0,1,1,True,False,True,9,1,0
2023-05-30,leg,61568,262846,10,0,1,1,True,False,True,10,1,0
2023-05-30,leg,17639,63452,10,0,1,1,True,False,True,1,1,0
2023-05-30,leg,17639,63452,10,0,1,1,True,False,True,2,1,0
2023-05-30,leg,17639,63452,10,0,1,1,True,False,True,3,1,0
2023-05-30,leg,17639,63452,10,0,1,1,True,False,True,4,1,0
2023-05-30,leg,17639,63452,10,0,1,1,True,False,True,5,1,0
2023-05-30,leg,17639,63452,10,0,1,1,True,False,True,6,1,0
2023-05-30,leg,17639,63452,10,0,1,1,True,False,True,7,1,0
2023-05-30,leg,17639,63452,10,0,1,1,True,False,True,8,1,0
2023-05-30,leg,17639,63452,10,0,1,1,True,False,True,9,1,0
2023-05-30,leg,17639,63452,10,0,1,1,True,False,True,10,1,0
2023-05-30,leg,17639,197131,10,0,1,1,True,False,True,1,1,0
2023-05-30,leg,17639,197131,10,0,1,1,True,False,True,2,1,0
2023-05-30,leg,17639,197131,10,0,1,1,True,False,True,3,1,0
2023-05-30,leg,17639,197131,10,0,1,1,True,False,True,4,1,0
2023-05-30,leg,17639,197131,10,0,1,1,True,False,True,5,1,0
2023-05-30,leg,17639,197131,10,0,1,1,True,False,True,6,1,0
2023-05-30,leg,17639,197131,10,0,1,1,True,False,True,7,1,0
2023-05-30,leg,17639,197131,10,0,1,1,True,False,True,8,1,0
2023-05-30,leg,17639,197131,10,0,1,1,True,False,True,9,1,0
2023-05-30,leg,17639,197131,10,0,1,1,True,False,True,10,1,0
2023-05-30,leg,16265,266160,10,0,3,"1,2",False,False,False,1,2,1
2023-05-30,leg,16265,266160,10,0,3,"1,2",False,False,False,2,2,1
2023-05-30,leg,16265,266160,10,0,3,"1,2",False,False,False,3,2,1
2023-05-30,leg,16265,266160,10,0,3,"1,2",False,False,False,4,2,1
2023-05-30,leg,16265,266160,10,0,3,"1,2",False,False,False,5,3,0
2023-05-30,leg,16265,266160,10,0,3,"1,2",False,False,False,6,3,0
2023-05-30,leg,16265,266160,10,0,3,"1,2",False,False,False,7,3,0
2023-05-30,leg,16265,266160,10,0,3,"1,2",False,False,False,8,3,0
2023-05-30,leg,16265,266160,10,0,3,"1,2",False,False,False,9,3,0
2023-05-30,leg,16265,266160,10,0,3,"1,2",False,False,False,10,3,0
2023-05-30,leg,17639,34971,10,0,1,1,True,False,True,1,1,0
2023-05-30,leg,17639,34971,10,0,1,1,True,False,True,2,1,0
2023-05-30,leg,17639,34971,10,0,1,1,True,False,True,3,1,0
2023-05-30,leg,17639,34971,10,0,1,1,True,False,True,4,1,0
2023-05-30,leg,17639,34971,10,0,1,1,True,False,True,5,1,0
2023-05-30,leg,17639,34971,10,0,1,1,True,False,True,6,1,0
2023-05-30,leg,17639,34971,10,0,1,1,True,False,True,7,1,0
2023-05-30,leg,17639,34971,10,0,1,1,True,False,True,8,1,0
2023-05-30,leg,17639,34971,10,0,1,1,True,False,True,9,1,0
2023-05-30,leg,17639,34971,10,0,1,1,True,False,True,10,1,0
2023-05-30,leg,293,15211,10,0,1,2,True,False,True,1,1,0
2023-05-30,leg,293,15211,10,0,1,2,True,False,True,2,1,0
2023-05-30,leg,293,15211,10,0,1,2,True,False,True,3,1,0
2023-05-30,leg,293,15211,10,0,1,2,True,False,True,4,1,0
2023-05-30,leg,293,15211,10,0,1,2,True,False,True,5,1,0
2023-05-30,leg,293,15211,10,0,1,2,True,False,True,6,1,0
2023-05-30,leg,293,15211,10,0,1,2,True,False,True,7,1,0
2023-05-30,leg,293,15211,10,0,1,2,True,False,True,8,1,0
2023-05-30,leg,293,15211,10,0,1,2,True,False,True,9,1,0
2023-05-30,leg,293,15211,10,0,1,2,True,False,True,10,1,0
2023-05-30,leg,3216,198967,10,0,1,1,True,False,True,1,1,0
2023-05-30,leg,3216,198967,10,0,1,1,True,False,True,2,1,0
2023-05-30,leg,3216,198967,10,0,1,1,True,False,True,3,1,0
2023-05-30,leg,3216,198967,10,0,1,1,True,False,True,4,1,0
2023-05-30,leg,3216,198967,10,0,1,1,True,False,True,5,1,0
2023-05-30,leg,3216,198967,10,0,1,1,True,False,True,6,1,0
2023-05-30,leg,3216,198967,10,0,1,1,True,False,True,7,1,0
2023-05-30,leg,3216,198967,10,0,1,1,True,False,True,8,1,0
2023-05-30,leg,3216,198967,10,0,1,1,True,False,True,9,1,0
2023-05-30,leg,3216,198967,10,0,1,1,True,False,True,10,1,0
2023-05-30,leg,17639,57049,10,0,1,2,True,False,True,1,1,0
2023-05-30,leg,17639,57049,10,0,1,2,True,False,True,2,1,0
2023-05-30,leg,17639,57049,10,0,1,2,True,False,True,3,1,0
2023-05-30,leg,17639,57049,10,0,1,2,True,False,True,4,1,0
2023-05-30,leg,17639,57049,10,0,1,2,True,False,True,5,1,0
2023-05-30,leg,17639,57049,10,0,1,2,True,False,True,6,1,0
2023-05-30,leg,17639,57049,10,0,1,2,True,False,True,7,1,0
2023-05-30,leg,17639,57049,10,0,1,2,True,False,True,8,1,0
2023-05-30,leg,17639,57049,10,0,1,2,True,False,True,9,1,0
2023-05-30,leg,17639,57049,10,0,1,2,True,False,True,10,1,0
2023-05-30,leg,293,18859,10,0,1,1,True,False,True,1,1,0
2023-05-30,leg,293,18859,10,0,1,1,True,False,True,2,1,0
2023-05-30,leg,293,18859,10,0,1,1,True,False,True,3,1,0
2023-05-30,leg,293,18859,10,0,1,1,True,False,True,4,1,0
2023-05-30,leg,293,18859,10,0,1,1,True,False,True,5,1,0
2023-05-30,leg,293,18859,10,0,1,1,True,False,True,6,1,0
2023-05-30,leg,293,18859,10,0,1,1,True,False,True,7,1,0
2023-05-30,leg,293,18859,10,0,1,1,True,False,True,8,1,0
2023-05-30,leg,293,18859,10,0,1,1,True,False,True,9,1,0
2023-05-30,leg,293,18859,10,0,1,1,True,False,True,10,1,0
2023-05-30,leg,17639,20539,10,0,1,1,True,False,True,1,1,0
2023-05-30,leg,17639,20539,10,0,1,1,True,False,True,2,1,0
2023-05-30,leg,17639,20539,10,0,1,1,True,False,True,3,1,0
2023-05-30,leg,17639,20539,10,0,1,1,True,False,True,4,1,0
2023-05-30,leg,17639,20539,10,0,1,1,True,False,True,5,1,0
2023-05-30,leg,17639,20539,10,0,1,1,True,False,True,6,1,0
2023-05-30,leg,17639,20539,10,0,1,1,True,False,True,7,1,0
2023-05-30,leg,17639,20539,10,0,1,1,True,False,True,8,1,0
2023-05-30,leg,17639,20539,10,0,1,1,True,False,True,9,1,0
2023-05-30,leg,17639,20539,10,0,1,1,True,False,True,10,1,0
2023-05-30,leg,17639,50898,10,0,1,1,True,False,True,1,1,0
2023-05-30,leg,17639,50898,10,0,1,1,True,False,True,2,1,0
2023-05-30,leg,17639,50898,10,0,1,1,True,False,True,3,1,0
2023-05-30,leg,17639,50898,10,0,1,1,True,False,True,4,1,0
2023-05-30,leg,17639,50898,10,0,1,1,True,False,True,5,1,0
2023-05-30,leg,17639,50898,10,0,1,1,True,False,True,6,1,0
2023-05-30,leg,17639,50898,10,0,1,1,True,False,True,7,1,0
2023-05-30,leg,17639,50898,10,0,1,1,True,False,True,8,1,0
2023-05-30,leg,17639,50898,10,0,1,1,True,False,True,9,1,0
2023-05-30,leg,17639,50898,10,0,1,1,True,False,True,10,1,0
2023-05-30,leg,3214,206446,10,0,1,1,True,False,True,1,1,0
2023-05-30,leg,3214,206446,10,0,1,1,True,False,True,2,1,0
2023-05-30,leg,3214,206446,10,0,1,1,True,False,True,3,1,0
2023-05-30,leg,3214,206446,10,0,1,1,True,False,True,4,1,0
2023-05-30,leg,3214,206446,10,0,1,1,True,False,True,5,1,0
2023-05-30,leg,3214,206446,10,0,1,1,True,False,True,6,1,0
2023-05-30,leg,3214,206446,10,0,1,1,True,False,True,7,1,0
2023-05-30,leg,3214,206446,10,0,1,1,True,False,True,8,1,0
2023-05-30,leg,3214,206446,10,0,1,1,True,False,True,9,1,0
2023-05-30,leg,3214,206446,10,0,1,1,True,False,True,10,1,0
2023-05-30,leg,17639,48948,10,0,4,"1,2",True,False,True,1,4,0
2023-05-30,leg,17639,48948,10,0,4,"1,2",True,False,True,2,4,0
2023-05-30,leg,17639,48948,10,0,4,"1,2",True,False,True,3,4,0
2023-05-30,leg,17639,48948,10,0,4,"1,2",True,False,True,4,4,0
2023-05-30,leg,17639,48948,10,0,4,"1,2",True,False,True,5,4,0
2023-05-30,leg,17639,48948,10,0,4,"1,2",True,False,True,6,4,0
2023-05-30,leg,17639,48948,10,0,4,"1,2",True,False,True,7,4,0
2023-05-30,leg,17639,48948,10,0,4,"1,2",True,False,True,8,4,0
2023-05-30,leg,17639,48948,10,0,4,"1,2",True,False,True,9,4,0
2023-05-30,leg,17639,48948,10,0,4,"1,2",True,False,True,10,4,0
2023-05-30,leg,17639,208785,10,0,1,1,True,False,True,1,1,0
2023-05-30,leg,17639,208785,10,0,1,1,True,False,True,2,1,0
2023-05-30,leg,17639,208785,10,0,1,1,True,False,True,3,1,0
2023-05-30,leg,17639,208785,10,0,1,1,True,False,True,4,1,0
2023-05-30,leg,17639,208785,10,0,1,1,True,False,True,5,1,0
2023-05-30,leg,17639,208785,10,0,1,1,True,False,True,6,1,0
2023-05-30,leg,17639,208785,10,0,1,1,True,False,True,7,1,0
2023-05-30,leg,17639,208785,10,0,1,1,True,False,True,8,1,0
2023-05-30,leg,17639,208785,10,0,1,1,True,False,True,9,1,0
2023-05-30,leg,17639,208785,10,0,1,1,True,False,True,10,1,0
2023-05-30,leg,17639,203272,10,0,1,1,True,False,True,1,1,0
2023-05-30,leg,17639,203272,10,0,1,1,True,False,True,2,1,0
2023-05-30,leg,17639,203272,10,0,1,1,True,False,True,3,1,0
2023-05-30,leg,17639,203272,10,0,1,1,True,False,True,4,1,0
2023-05-30,leg,17639,203272,10,0,1,1,True,False,True,5,1,0
2023-05-30,leg,17639,203272,10,0,1,1,True,False,True,6,1,0
2023-05-30,leg,17639,203272,10,0,1,1,True,False,True,7,1,0
2023-05-30,leg,17639,203272,10,0,1,1,True,False,True,8,1,0
2023-05-30,leg,17639,203272,10,0,1,1,True,False,True,9,1,0
2023-05-30,leg,17639,203272,10,0,1,1,True,False,True,10,1,0
2023-05-30,leg,17639,206655,10,0,1,1,True,False,True,1,1,0
2023-05-30,leg,17639,206655,10,0,1,1,True,False,True,2,1,0
2023-05-30,leg,17639,206655,10,0,1,1,True,False,True,3,1,0
2023-05-30,leg,17639,206655,10,0,1,1,True,False,True,4,1,0
2023-05-30,leg,17639,206655,10,0,1,1,True,False,True,5,1,0
2023-05-30,leg,17639,206655,10,0,1,1,True,False,True,6,1,0
2023-05-30,leg,17639,206655,10,0,1,1,True,False,True,7,1,0
2023-05-30,leg,17639,206655,10,0,1,1,True,False,True,8,1,0
2023-05-30,leg,17639,206655,10,0,1,1,True,False,True,9,1,0
2023-05-30,leg,17639,206655,10,0,1,1,True,False,True,10,1,0
2023-05-30,leg,17639,39391,10,0,1,1,True,False,True,1,1,0
2023-05-30,leg,17639,39391,10,0,1,1,True,False,True,2,1,0
2023-05-30,leg,17639,39391,10,0,1,1,True,False,True,3,1,0
2023-05-30,leg,17639,39391,10,0,1,1,True,False,True,4,1,0
2023-05-30,leg,17639,39391,10,0,1,1,True,False,True,5,1,0
2023-05-30,leg,17639,39391,10,0,1,1,True,False,True,6,1,0
2023-05-30,leg,17639,39391,10,0,1,1,True,False,True,7,1,0
2023-05-30,leg,17639,39391,10,0,1,1,True,False,True,8,1,0
2023-05-30,leg,17639,39391,10,0,1,1,True,False,True,9,1,0
2023-05-30,leg,17639,39391,10,0,1,1,True,False,True,10,1,0
2023-05-30,leg,17639,206282,10,0,1,1,True,False,True,1,1,0
2023-05-30,leg,17639,206282,10,0,1,1,True,False,True,2,1,0
2023-05-30,leg,17639,206282,10,0,1,1,True,False,True,3,1,0
2023-05-30,leg,17639,206282,10,0,1,1,True,False,True,4,1,0
2023-05-30,leg,17639,206282,10,0,1,1,True,False,True,5,1,0
2023-05-30,leg,17639,206282,10,0,1,1,True,False,True,6,1,0
2023-05-30,leg,17639,206282,10,0,1,1,True,False,True,7,1,0
2023-05-30,leg,17639,206282,10,0,1,1,True,False,True,8,1,0
2023-05-30,leg,17639,206282,10,0,1,1,True,False,True,9,1,0
2023-05-30,leg,17639,206282,10,0,1,1,True,False,True,10,1,0
2023-05-30,leg,17639,202081,10,0,1,1,True,False,True,1,1,0
2023-05-30,leg,17639,202081,10,0,1,1,True,False,True,2,1,0
2023-05-30,leg,17639,202081,10,0,1,1,True,False,True,3,1,0
2023-05-30,leg,17639,202081,10,0,1,1,True,False,True,4,1,0
2023-05-30,leg,17639,202081,10,0,1,1,True,False,True,5,1,0
2023-05-30,leg,17639,202081,10,0,1,1,True,False,True,6,1,0
2023-05-30,leg,17639,202081,10,0,1,1,True,False,True,7,1,0
2023-05-30,leg,17639,202081,10,0,1,1,True,False,True,8,1,0
2023-05-30,leg,17639,202081,10,0,1,1,True,False,True,9,1,0
2023-05-30,leg,17639,202081,10,0,1,1,True,False,True,10,1,0
2023-05-30,leg,12779,50624,10,0,1,1,True,False,True,1,1,0
2023-05-30,leg,12779,50624,10,0,1,1,True,False,True,2,1,0
2023-05-30,leg,12779,50624,10,0,1,1,True,False,True,3,1,0
2023-05-30,leg,12779,50624,10,0,1,1,True,False,True,4,1,0
2023-05-30,leg,12779,50624,10,0,1,1,True,False,True,5,1,0
2023-05-30,leg,12779,50624,10,0,1,1,True,False,True,6,1,0
2023-05-30,leg,12779,50624,10,0,1,1,True,False,True,7,1,0
2023-05-30,leg,12779,50624,10,0,1,1,True,False,True,8,1,0
2023-05-30,leg,12779,50624,10,0,1,1,True,False,True,9,1,0
2023-05-30,leg,12779,50624,10,0,1,1,True,False,True,10,1,0
2023-05-30,leg,17639,207715,10,0,1,1,True,False,True,1,1,0
2023-05-30,leg,17639,207715,10,0,1,1,True,False,True,2,1,0
2023-05-30,leg,17639,207715,10,0,1,1,True,False,True,3,1,0
2023-05-30,leg,17639,207715,10,0,1,1,True,False,True,4,1,0
2023-05-30,leg,17639,207715,10,0,1,1,True,False,True,5,1,0
2023-05-30,leg,17639,207715,10,0,1,1,True,False,True,6,1,0
2023-05-30,leg,17639,207715,10,0,1,1,True,False,True,7,1,0
2023-05-30,leg,17639,207715,10,0,1,1,True,False,True,8,1,0
2023-05-30,leg,17639,207715,10,0,1,1,True,False,True,9,1,0
2023-05-30,leg,17639,207715,10,0,1,1,True,False,True,10,1,0
2023-05-30,leg,17639,49720,10,0,1,1,True,False,True,1,1,0
2023-05-30,leg,17639,49720,10,0,1,1,True,False,True,2,1,0
2023-05-30,leg,17639,49720,10,0,1,1,True,False,True,3,1,0
2023-05-30,leg,17639,49720,10,0,1,1,True,False,True,4,1,0
2023-05-30,leg,17639,49720,10,0,1,1,True,False,True,5,1,0
2023-05-30,leg,17639,49720,10,0,1,1,True,False,True,6,1,0
2023-05-30,leg,17639,49720,10,0,1,1,True,False,True,7,1,0
2023-05-30,leg,17639,49720,10,0,1,1,True,False,True,8,1,0
2023-05-30,leg,17639,49720,10,0,1,1,True,False,True,9,1,0
2023-05-30,leg,17639,49720,10,0,1,1,True,False,True,10,1,0
2023-05-30,leg,17639,39777,10,0,1,1,True,False,True,1,1,0
2023-05-30,leg,17639,39777,10,0,1,1,True,False,True,2,1,0
2023-05-30,leg,17639,39777,10,0,1,1,True,False,True,3,1,0
2023-05-30,leg,17639,39777,10,0,1,1,True,False,True,4,1,0
2023-05-30,leg,17639,39777,10,0,1,1,True,False,True,5,1,0
2023-05-30,leg,17639,39777,10,0,1,1,True,False,True,6,1,0
2023-05-30,leg,17639,39777,10,0,1,1,True,False,True,7,1,0
2023-05-30,leg,17639,39777,10,0,1,1,True,False,True,8,1,0
2023-05-30,leg,17639,39777,10,0,1,1,True,False,True,9,1,0
2023-05-30,leg,17639,39777,10,0,1,1,True,False,True,10,1,0
2023-05-30,leg,17639,49985,10,0,2,"1,2",True,False,True,1,2,0
2023-05-30,leg,17639,49985,10,0,2,"1,2",True,False,True,2,2,0
2023-05-30,leg,17639,49985,10,0,2,"1,2",True,False,True,3,2,0
2023-05-30,leg,17639,49985,10,0,2,"1,2",True,False,True,4,2,0
2023-05-30,leg,17639,49985,10,0,2,"1,2",True,False,True,5,2,0
2023-05-30,leg,17639,49985,10,0,2,"1,2",True,False,True,6,2,0
2023-05-30,leg,17639,49985,10,0,2,"1,2",True,False,True,7,2,0
2023-05-30,leg,17639,49985,10,0,2,"1,2",True,False,True,8,2,0
2023-05-30,leg,17639,49985,10,0,2,"1,2",True,False,True,9,2,0
2023-05-30,leg,17639,49985,10,0,2,"1,2",True,False,True,10,2,0
2023-05-30,leg,17639,199434,10,0,3,"1,2",True,False,True,1,3,0
2023-05-30,leg,17639,199434,10,0,3,"1,2",True,False,True,2,3,0
2023-05-30,leg,17639,199434,10,0,3,"1,2",True,False,True,3,3,0
2023-05-30,leg,17639,199434,10,0,3,"1,2",True,False,True,4,3,0
2023-05-30,leg,17639,199434,10,0,3,"1,2",True,False,True,5,3,0
2023-05-30,leg,17639,199434,10,0,3,"1,2",True,False,True,6,3,0
2023-05-30,leg,17639,199434,10,0,3,"1,2",True,False,True,7,3,0
2023-05-30,leg,17639,199434,10,0,3,"1,2",True,False,True,8,3,0
2023-05-30,leg,17639,199434,10,0,3,"1,2",True,False,True,9,3,0
2023-05-30,leg,17639,199434,10,0,3,"1,2",True,False,True,10,3,0
2023-05-30,leg,52531,53184,10,0,4,"1,2,3",True,False,False,1,4,0
2023-05-30,leg,52531,53184,10,0,4,"1,2,3",True,False,False,2,4,0
2023-05-30,leg,52531,53184,10,0,4,"1,2,3",True,False,False,3,4,0
2023-05-30,leg,52531,53184,10,0,4,"1,2,3",True,False,False,4,4,0
2023-05-30,leg,52531,53184,10,0,4,"1,2,3",True,False,False,5,4,0
2023-05-30,leg,52531,53184,10,0,4,"1,2,3",True,False,False,6,4,0
2023-05-30,leg,52531,53184,10,0,4,"1,2,3",True,False,False,7,4,0
2023-05-30,leg,52531,53184,10,0,4,"1,2,3",True,False,False,8,4,0
2023-05-30,leg,52531,53184,10,0,4,"1,2,3",True,False,False,9,4,0
2023-05-30,leg,52531,53184,10,0,4,"1,2,3",True,False,False,10,4,0
2023-05-30,leg,14840,265990,10,0,268,1,True,False,False,1,259,9
2023-05-30,leg,14840,265990,10,0,268,1,True,False,False,2,260,8
2023-05-30,leg,14840,265990,10,0,268,1,True,False,False,3,260,8
2023-05-30,leg,14840,265990,10,0,268,1,True,False,False,4,260,8
2023-05-30,leg,14840,265990,10,0,268,1,True,False,False,5,260,8
2023-05-30,leg,14840,265990,10,0,268,1,True,False,False,6,260,8
2023-05-30,leg,14840,265990,10,0,268,1,True,False,False,7,260,8
2023-05-30,leg,14840,265990,10,0,268,1,True,False,False,8,260,8
2023-05-30,leg,14840,265990,10,0,268,1,True,False,False,9,260,8
2023-05-30,leg,14840,265990,10,0,268,1,True,False,False,10,260,8
2023-05-30,leg,17639,207054,10,0,3,"1,2",True,False,True,1,3,0
2023-05-30,leg,17639,207054,10,0,3,"1,2",True,False,True,2,3,0
2023-05-30,leg,17639,207054,10,0,3,"1,2",True,False,True,3,3,0
2023-05-30,leg,17639,207054,10,0,3,"1,2",True,False,True,4,3,0
2023-05-30,leg,17639,207054,10,0,3,"1,2",True,False,True,5,3,0
2023-05-30,leg,17639,207054,10,0,3,"1,2",True,False,True,6,3,0
2023-05-30,leg,17639,207054,10,0,3,"1,2",True,False,True,7,3,0
2023-05-30,leg,17639,207054,10,0,3,"1,2",True,False,True,8,3,0
2023-05-30,leg,17639,207054,10,0,3,"1,2",True,False,True,9,3,0
2023-05-30,leg,17639,207054,10,0,3,"1,2",True,False,True,10,3,0
2023-05-30,leg,37721,206446,10,0,1,1,True,False,True,1,1,0
2023-05-30,leg,37721,206446,10,0,1,1,True,False,True,2,1,0
2023-05-30,leg,37721,206446,10,0,1,1,True,False,True,3,1,0
2023-05-30,leg,37721,206446,10,0,1,1,True,False,True,4,1,0
2023-05-30,leg,37721,206446,10,0,1,1,True,False,True,5,1,0
2023-05-30,leg,37721,206446,10,0,1,1,True,False,True,6,1,0
2023-05-30,leg,37721,206446,10,0,1,1,True,False,True,7,1,0
2023-05-30,leg,37721,206446,10,0,1,1,True,False,True,8,1,0
2023-05-30,leg,37721,206446,10,0,1,1,True,False,True,9,1,0
2023-05-30,leg,37721,206446,10,0,1,1,True,False,True,10,1,0
2023-05-30,leg,293,5091,10,0,1,1,True,False,True,1,1,0
2023-05-30,leg,293,5091,10,0,1,1,True,False,True,2,1,0
2023-05-30,leg,293,5091,10,0,1,1,True,False,True,3,1,0
2023-05-30,leg,293,5091,10,0,1,1,True,False,True,4,1,0
2023-05-30,leg,293,5091,10,0,1,1,True,False,True,5,1,0
2023-05-30,leg,293,5091,10,0,1,1,True,False,True,6,1,0
2023-05-30,leg,293,5091,10,0,1,1,True,False,True,7,1,0
2023-05-30,leg,293,5091,10,0,1,1,True,False,True,8,1,0
2023-05-30,leg,293,5091,10,0,1,1,True,False,True,9,1,0
2023-05-30,leg,293,5091,10,0,1,1,True,False,True,10,1,0
2023-05-30,leg,17639,48385,10,0,1,1,True,False,True,1,1,0
2023-05-30,leg,17639,48385,10,0,1,1,True,False,True,2,1,0
2023-05-30,leg,17639,48385,10,0,1,1,True,False,True,3,1,0
2023-05-30,leg,17639,48385,10,0,1,1,True,False,True,4,1,0
2023-05-30,leg,17639,48385,10,0,1,1,True,False,True,5,1,0
2023-05-30,leg,17639,48385,10,0,1,1,True,False,True,6,1,0
2023-05-30,leg,17639,48385,10,0,1,1,True,False,True,7,1,0
2023-05-30,leg,17639,48385,10,0,1,1,True,False,True,8,1,0
2023-05-30,leg,17639,48385,10,0,1,1,True,False,True,9,1,0
2023-05-30,leg,17639,48385,10,0,1,1,True,False,True,10,1,0
2023-05-30,leg,293,2647,10,0,2,"2,3",True,False,True,1,2,0
2023-05-30,leg,293,2647,10,0,2,"2,3",True,False,True,2,2,0
2023-05-30,leg,293,2647,10,0,2,"2,3",True,False,True,3,2,0
2023-05-30,leg,293,2647,10,0,2,"2,3",True,False,True,4,2,0
2023-05-30,leg,293,2647,10,0,2,"2,3",True,False,True,5,2,0
2023-05-30,leg,293,2647,10,0,2,"2,3",True,False,True,6,2,0
2023-05-30,leg,293,2647,10,0,2,"2,3",True,False,True,7,2,0
2023-05-30,leg,293,2647,10,0,2,"2,3",True,False,True,8,2,0
2023-05-30,leg,293,2647,10,0,2,"2,3",True,False,True,9,2,0
2023-05-30,leg,293,2647,10,0,2,"2,3",True,False,True,10,2,0
2023-05-30,leg,1828,329240,10,0,1,1,True,False,True,1,1,0
2023-05-30,leg,1828,329240,10,0,1,1,True,False,True,2,1,0
2023-05-30,leg,1828,329240,10,0,1,1,True,False,True,3,1,0
2023-05-30,leg,1828,329240,10,0,1,1,True,False,True,4,1,0
2023-05-30,leg,1828,329240,10,0,1,1,True,False,True,5,1,0
2023-05-30,leg,1828,329240,10,0,1,1,True,False,True,6,1,0
2023-05-30,leg,1828,329240,10,0,1,1,True,False,True,7,1,0
2023-05-30,leg,1828,329240,10,0,1,1,True,False,True,8,1,0
2023-05-30,leg,1828,329240,10,0,1,1,True,False,True,9,1,0
2023-05-30,leg,1828,329240,10,0,1,1,True,False,True,10,1,0
2023-05-30,leg,3303,28260,10,0,218,"1,2,3,5,7",True,False,False,1,218,0
2023-05-30,leg,3303,28260,10,0,218,"1,2,3,5,7",True,False,False,2,218,0
2023-05-30,leg,3303,28260,10,0,218,"1,2,3,5,7",True,False,False,3,218,0
2023-05-30,leg,3303,28260,10,0,218,"1,2,3,5,7",True,False,False,4,218,0
2023-05-30,leg,3303,28260,10,0,218,"1,2,3,5,7",True,False,False,5,218,0
2023-05-30,leg,3303,28260,10,0,218,"1,2,3,5,7",True,False,False,6,218,0
2023-05-30,leg,3303,28260,10,0,218,"1,2,3,5,7",True,False,False,7,218,0
2023-05-30,leg,3303,28260,10,0,218,"1,2,3,5,7",True,False,False,8,218,0
2023-05-30,leg,3303,28260,10,0,218,"1,2,3,5,7",True,False,False,9,218,0
2023-05-30,leg,3303,28260,10,0,218,"1,2,3,5,7",True,False,False,10,218,0
2023-05-30,leg,17639,60399,10,0,1,1,True,False,True,1,1,0
2023-05-30,leg,17639,60399,10,0,1,1,True,False,True,2,1,0
2023-05-30,leg,17639,60399,10,0,1,1,True,False,True,3,1,0
2023-05-30,leg,17639,60399,10,0,1,1,True,False,True,4,1,0
2023-05-30,leg,17639,60399,10,0,1,1,True,False,True,5,1,0
2023-05-30,leg,17639,60399,10,0,1,1,True,False,True,6,1,0
2023-05-30,leg,17639,60399,10,0,1,1,True,False,True,7,1,0
2023-05-30,leg,17639,60399,10,0,1,1,True,False,True,8,1,0
2023-05-30,leg,17639,60399,10,0,1,1,True,False,True,9,1,0
2023-05-30,leg,17639,60399,10,0,1,1,True,False,True,10,1,0
2023-05-30,leg,17639,201806,10,0,1,1,True,False,True,1,1,0
2023-05-30,leg,17639,201806,10,0,1,1,True,False,True,2,1,0
2023-05-30,leg,17639,201806,10,0,1,1,True,False,True,3,1,0
2023-05-30,leg,17639,201806,10,0,1,1,True,False,True,4,1,0
2023-05-30,leg,17639,201806,10,0,1,1,True,False,True,5,1,0
2023-05-30,leg,17639,201806,10,0,1,1,True,False,True,6,1,0
2023-05-30,leg,17639,201806,10,0,1,1,True,False,True,7,1,0
2023-05-30,leg,17639,201806,10,0,1,1,True,False,True,8,1,0
2023-05-30,leg,17639,201806,10,0,1,1,True,False,True,9,1,0
2023-05-30,leg,17639,201806,10,0,1,1,True,False,True,10,1,0
2023-05-30,leg,47957,206446,10,0,1,1,True,False,True,1,1,0
2023-05-30,leg,47957,206446,10,0,1,1,True,False,True,2,1,0
2023-05-30,leg,47957,206446,10,0,1,1,True,False,True,3,1,0
2023-05-30,leg,47957,206446,10,0,1,1,True,False,True,4,1,0
2023-05-30,leg,47957,206446,10,0,1,1,True,False,True,5,1,0
2023-05-30,leg,47957,206446,10,0,1,1,True,False,True,6,1,0
2023-05-30,leg,47957,206446,10,0,1,1,True,False,True,7,1,0
2023-05-30,leg,47957,206446,10,0,1,1,True,False,True,8,1,0
2023-05-30,leg,47957,206446,10,0,1,1,True,False,True,9,1,0
2023-05-30,leg,47957,206446,10,0,1,1,True,False,True,10,1,0
2023-05-30,leg,293,38195,10,0,78,"1,2,3,4,5",True,False,True,1,78,0
2023-05-30,leg,293,38195,10,0,78,"1,2,3,4,5",True,False,True,2,78,0
2023-05-30,leg,293,38195,10,0,78,"1,2,3,4,5",True,False,True,3,78,0
2023-05-30,leg,293,38195,10,0,78,"1,2,3,4,5",True,False,True,4,78,0
2023-05-30,leg,293,38195,10,0,78,"1,2,3,4,5",True,False,True,5,78,0
2023-05-30,leg,293,38195,10,0,78,"1,2,3,4,5",True,False,True,6,78,0
2023-05-30,leg,293,38195,10,0,78,"1,2,3,4,5",True,False,True,7,78,0
2023-05-30,leg,293,38195,10,0,78,"1,2,3,4,5",True,False,True,8,78,0
2023-05-30,leg,293,38195,10,0,78,"1,2,3,4,5",True,False,True,9,78,0
2023-05-30,leg,293,38195,10,0,78,"1,2,3,4,5",True,False,True,10,78,0
2023-05-30,leg,17639,48915,10,0,1,1,True,False,True,1,1,0
2023-05-30,leg,17639,48915,10,0,1,1,True,False,True,2,1,0
2023-05-30,leg,17639,48915,10,0,1,1,True,False,True,3,1,0
2023-05-30,leg,17639,48915,10,0,1,1,True,False,True,4,1,0
2023-05-30,leg,17639,48915,10,0,1,1,True,False,True,5,1,0
2023-05-30,leg,17639,48915,10,0,1,1,True,False,True,6,1,0
2023-05-30,leg,17639,48915,10,0,1,1,True,False,True,7,1,0
2023-05-30,leg,17639,48915,10,0,1,1,True,False,True,8,1,0
2023-05-30,leg,17639,48915,10,0,1,1,True,False,True,9,1,0
2023-05-30,leg,17639,48915,10,0,1,1,True,False,True,10,1,0
2023-05-30,leg,16363,17639,10,0,1,1,True,False,True,1,1,0
2023-05-30,leg,16363,17639,10,0,1,1,True,False,True,2,1,0
2023-05-30,leg,16363,17639,10,0,1,1,True,False,True,3,1,0
2023-05-30,leg,16363,17639,10,0,1,1,True,False,True,4,1,0
2023-05-30,leg,16363,17639,10,0,1,1,True,False,True,5,1,0
2023-05-30,leg,16363,17639,10,0,1,1,True,False,True,6,1,0
2023-05-30,leg,16363,17639,10,0,1,1,True,False,True,7,1,0
2023-05-30,leg,16363,17639,10,0,1,1,True,False,True,8,1,0
2023-05-30,leg,16363,17639,10,0,1,1,True,False,True,9,1,0
2023-05-30,leg,16363,17639,10,0,1,1,True,False,True,10,1,0
2023-05-30,leg,17639,47868,10,0,1,1,True,False,True,1,1,0
2023-05-30,leg,17639,47868,10,0,1,1,True,False,True,2,1,0
2023-05-30,leg,17639,47868,10,0,1,1,True,False,True,3,1,0
2023-05-30,leg,17639,47868,10,0,1,1,True,False,True,4,1,0
2023-05-30,leg,17639,47868,10,0,1,1,True,False,True,5,1,0
2023-05-30,leg,17639,47868,10,0,1,1,True,False,True,6,1,0
2023-05-30,leg,17639,47868,10,0,1,1,True,False,True,7,1,0
2023-05-30,leg,17639,47868,10,0,1,1,True,False,True,8,1,0
2023-05-30,leg,17639,47868,10,0,1,1,True,False,True,9,1,0
2023-05-30,leg,17639,47868,10,0,1,1,True,False,True,10,1,0
2023-05-30,leg,17639,197726,10,0,1,1,True,False,True,1,1,0
2023-05-30,leg,17639,197726,10,0,1,1,True,False,True,2,1,0
2023-05-30,leg,17639,197726,10,0,1,1,True,False,True,3,1,0
2023-05-30,leg,17639,197726,10,0,1,1,True,False,True,4,1,0
2023-05-30,leg,17639,197726,10,0,1,1,True,False,True,5,1,0
2023-05-30,leg,17639,197726,10,0,1,1,True,False,True,6,1,0
2023-05-30,leg,17639,197726,10,0,1,1,True,False,True,7,1,0
2023-05-30,leg,17639,197726,10,0,1,1,True,False,True,8,1,0
2023-05-30,leg,17639,197726,10,0,1,1,True,False,True,9,1,0
2023-05-30,leg,17639,197726,10,0,1,1,True,False,True,10,1,0
2023-05-30,leg,17639,201518,10,0,1,1,True,False,True,1,1,0
2023-05-30,leg,17639,201518,10,0,1,1,True,False,True,2,1,0
2023-05-30,leg,17639,201518,10,0,1,1,True,False,True,3,1,0
2023-05-30,leg,17639,201518,10,0,1,1,True,False,True,4,1,0
2023-05-30,leg,17639,201518,10,0,1,1,True,False,True,5,1,0
2023-05-30,leg,17639,201518,10,0,1,1,True,False,True,6,1,0
2023-05-30,leg,17639,201518,10,0,1,1,True,False,True,7,1,0
2023-05-30,leg,17639,201518,10,0,1,1,True,False,True,8,1,0
2023-05-30,leg,17639,201518,10,0,1,1,True,False,True,9,1,0
2023-05-30,leg,17639,201518,10,0,1,1,True,False,True,10,1,0
2023-05-30,leg,1916,266168,10,0,3,"1,2",True,False,False,1,3,0
2023-05-30,leg,1916,266168,10,0,3,"1,2",True,False,False,2,3,0
2023-05-30,leg,1916,266168,10,0,3,"1,2",True,False,False,3,3,0
2023-05-30,leg,1916,266168,10,0,3,"1,2",True,False,False,4,3,0
2023-05-30,leg,1916,266168,10,0,3,"1,2",True,False,False,5,3,0
2023-05-30,leg,1916,266168,10,0,3,"1,2",True,False,False,6,3,0
2023-05-30,leg,1916,266168,10,0,3,"1,2",True,False,False,7,3,0
2023-05-30,leg,1916,266168,10,0,3,"1,2",True,False,False,8,3,0
2023-05-30,leg,1916,266168,10,0,3,"1,2",True,False,False,9,3,0
2023-05-30,leg,1916,266168,10,0,3,"1,2",True,False,False,10,3,0
2023-05-30,leg,140570,149625,10,0,1291,1,True,False,False,1,1291,0
2023-05-30,leg,140570,149625,10,0,1291,1,True,False,False,2,1291,0
2023-05-30,leg,140570,149625,10,0,1291,1,True,False,False,3,1291,0
2023-05-30,leg,140570,149625,10,0,1291,1,True,False,False,4,1291,0
2023-05-30,leg,140570,149625,10,0,1291,1,True,False,False,5,1291,0
2023-05-30,leg,140570,149625,10,0,1291,1,True,False,False,6,1291,0
2023-05-30,leg,140570,149625,10,0,1291,1,True,False,False,7,1291,0
2023-05-30,leg,140570,149625,10,0,1291,1,True,False,False,8,1291,0
2023-05-30,leg,140570,149625,10,0,1291,1,True,False,False,9,1291,0
2023-05-30,leg,140570,149625,10,0,1291,1,True,False,False,10,1291,0
2023-05-30,leg,17639,208873,10,0,1,1,True,False,True,1,1,0
2023-05-30,leg,17639,208873,10,0,1,1,True,False,True,2,1,0
2023-05-30,leg,17639,208873,10,0,1,1,True,False,True,3,1,0
2023-05-30,leg,17639,208873,10,0,1,1,True,False,True,4,1,0
2023-05-30,leg,17639,208873,10,0,1,1,True,False,True,5,1,0
2023-05-30,leg,17639,208873,10,0,1,1,True,False,True,6,1,0
2023-05-30,leg,17639,208873,10,0,1,1,True,False,True,7,1,0
2023-05-30,leg,17639,208873,10,0,1,1,True,False,True,8,1,0
2023-05-30,leg,17639,208873,10,0,1,1,True,False,True,9,1,0
2023-05-30,leg,17639,208873,10,0,1,1,True,False,True,10,1,0
2023-05-30,leg,17639,211991,10,0,1,1,True,False,True,1,1,0
2023-05-30,leg,17639,211991,10,0,1,1,True,False,True,2,1,0
2023-05-30,leg,17639,211991,10,0,1,1,True,False,True,3,1,0
2023-05-30,leg,17639,211991,10,0,1,1,True,False,True,4,1,0
2023-05-30,leg,17639,211991,10,0,1,1,True,False,True,5,1,0
2023-05-30,leg,17639,211991,10,0,1,1,True,False,True,6,1,0
2023-05-30,leg,17639,211991,10,0,1,1,True,False,True,7,1,0
2023-05-30,leg,17639,211991,10,0,1,1,True,False,True,8,1,0
2023-05-30,leg,17639,211991,10,0,1,1,True,False,True,9,1,0
2023-05-30,leg,17639,211991,10,0,1,1,True,False,True,10,1,0
2023-05-30,leg,17639,204263,10,0,1,1,True,False,True,1,1,0
2023-05-30,leg,17639,204263,10,0,1,1,True,False,True,2,1,0
2023-05-30,leg,17639,204263,10,0,1,1,True,False,True,3,1,0
2023-05-30,leg,17639,204263,10,0,1,1,True,False,True,4,1,0
2023-05-30,leg,17639,204263,10,0,1,1,True,False,True,5,1,0
2023-05-30,leg,17639,204263,10,0,1,1,True,False,True,6,1,0
2023-05-30,leg,17639,204263,10,0,1,1,True,False,True,7,1,0
2023-05-30,leg,17639,204263,10,0,1,1,True,False,True,8,1,0
2023-05-30,leg,17639,204263,10,0,1,1,True,False,True,9,1,0
2023-05-30,leg,17639,204263,10,0,1,1,True,False,True,10,1,0
2023-05-30,leg,17639,209138,10,0,1,1,True,False,True,1,1,0
2023-05-30,leg,17639,209138,10,0,1,1,True,False,True,2,1,0
2023-05-30,leg,17639,209138,10,0,1,1,True,False,True,3,1,0
2023-05-30,leg,17639,209138,10,0,1,1,True,False,True,4,1,0
2023-05-30,leg,17639,209138,10,0,1,1,True,False,True,5,1,0
2023-05-30,leg,17639,209138,10,0,1,1,True,False,True,6,1,0
2023-05-30,leg,17639,209138,10,0,1,1,True,False,True,7,1,0
2023-05-30,leg,17639,209138,10,0,1,1,True,False,True,8,1,0
2023-05-30,leg,17639,209138,10,0,1,1,True,False,True,9,1,0
2023-05-30,leg,17639,209138,10,0,1,1,True,False,True,10,1,0
2023-05-30,leg,17639,28368,10,0,4,"1,2,3",True,True,True,1,3,1
2023-05-30,leg,17639,28368,10,0,4,"1,2,3",True,True,True,2,3,1
2023-05-30,leg,17639,28368,10,0,4,"1,2,3",True,True,True,3,4,0
2023-05-30,leg,17639,28368,10,0,4,"1,2,3",True,True,True,4,3,1
2023-05-30,leg,17639,28368,10,0,4,"1,2,3",True,True,True,5,4,0
2023-05-30,leg,17639,28368,10,0,4,"1,2,3",True,True,True,6,3,1
2023-05-30,leg,17639,28368,10,0,4,"1,2,3",True,True,True,7,4,0
2023-05-30,leg,17639,28368,10,0,4,"1,2,3",True,True,True,8,3,1
2023-05-30,leg,17639,28368,10,0,4,"1,2,3",True,True,True,9,4,0
2023-05-30,leg,17639,28368,10,0,4,"1,2,3",True,True,True,10,4,0
2023-05-30,leg,16344,17639,10,0,1,1,True,False,True,1,1,0
2023-05-30,leg,16344,17639,10,0,1,1,True,False,True,2,1,0
2023-05-30,leg,16344,17639,10,0,1,1,True,False,True,3,1,0
2023-05-30,leg,16344,17639,10,0,1,1,True,False,True,4,1,0
2023-05-30,leg,16344,17639,10,0,1,1,True,False,True,5,1,0
2023-05-30,leg,16344,17639,10,0,1,1,True,False,True,6,1,0
2023-05-30,leg,16344,17639,10,0,1,1,True,False,True,7,1,0
2023-05-30,leg,16344,17639,10,0,1,1,True,False,True,8,1,0
2023-05-30,leg,16344,17639,10,0,1,1,True,False,True,9,1,0
2023-05-30,leg,16344,17639,10,0,1,1,True,False,True,10,1,0
2023-05-30,leg,17639,49013,10,0,1,1,True,False,True,1,1,0
2023-05-30,leg,17639,49013,10,0,1,1,True,False,True,2,1,0
2023-05-30,leg,17639,49013,10,0,1,1,True,False,True,3,1,0
2023-05-30,leg,17639,49013,10,0,1,1,True,False,True,4,1,0
2023-05-30,leg,17639,49013,10,0,1,1,True,False,True,5,1,0
2023-05-30,leg,17639,49013,10,0,1,1,True,False,True,6,1,0
2023-05-30,leg,17639,49013,10,0,1,1,True,False,True,7,1,0
2023-05-30,leg,17639,49013,10,0,1,1,True,False,True,8,1,0
2023-05-30,leg,17639,49013,10,0,1,1,True,False,True,9,1,0
2023-05-30,leg,17639,49013,10,0,1,1,True,False,True,10,1,0
2023-05-30,leg,17639,39479,10,0,1,1,True,False,True,1,1,0
2023-05-30,leg,17639,39479,10,0,1,1,True,False,True,2,1,0
2023-05-30,leg,17639,39479,10,0,1,1,True,False,True,3,1,0
2023-05-30,leg,17639,39479,10,0,1,1,True,False,True,4,1,0
2023-05-30,leg,17639,39479,10,0,1,1,True,False,True,5,1,0
2023-05-30,leg,17639,39479,10,0,1,1,True,False,True,6,1,0
2023-05-30,leg,17639,39479,10,0,1,1,True,False,True,7,1,0
2023-05-30,leg,17639,39479,10,0,1,1,True,False,True,8,1,0
2023-05-30,leg,17639,39479,10,0,1,1,True,False,True,9,1,0
2023-05-30,leg,17639,39479,10,0,1,1,True,False,True,10,1,0
2023-05-30,leg,17639,204384,10,0,1,1,True,False,True,1,1,0
2023-05-30,leg,17639,204384,10,0,1,1,True,False,True,2,1,0
2023-05-30,leg,17639,204384,10,0,1,1,True,False,True,3,1,0
2023-05-30,leg,17639,204384,10,0,1,1,True,False,True,4,1,0
2023-05-30,leg,17639,204384,10,0,1,1,True,False,True,5,1,0
2023-05-30,leg,17639,204384,10,0,1,1,True,False,True,6,1,0
2023-05-30,leg,17639,204384,10,0,1,1,True,False,True,7,1,0
2023-05-30,leg,17639,204384,10,0,1,1,True,False,True,8,1,0
2023-05-30,leg,17639,204384,10,0,1,1,True,False,True,9,1,0
2023-05-30,leg,17639,204384,10,0,1,1,True,False,True,10,1,0
2023-05-30,leg,17639,60798,10,0,2,2,True,False,True,1,2,0
2023-05-30,leg,17639,60798,10,0,2,2,True,False,True,2,2,0
2023-05-30,leg,17639,60798,10,0,2,2,True,False,True,3,2,0
2023-05-30,leg,17639,60798,10,0,2,2,True,False,True,4,2,0
2023-05-30,leg,17639,60798,10,0,2,2,True,False,True,5,2,0
2023-05-30,leg,17639,60798,10,0,2,2,True,False,True,6,2,0
2023-05-30,leg,17639,60798,10,0,2,2,True,False,True,7,2,0
2023-05-30,leg,17639,60798,10,0,2,2,True,False,True,8,2,0
2023-05-30,leg,17639,60798,10,0,2,2,True,False,True,9,2,0
2023-05-30,leg,17639,60798,10,0,2,2,True,False,True,10,2,0
2023-05-30,leg,293,397860,10,0,1,1,True,False,True,1,1,0
2023-05-30,leg,293,397860,10,0,1,1,True,False,True,2,1,0
2023-05-30,leg,293,397860,10,0,1,1,True,False,True,3,1,0
2023-05-30,leg,293,397860,10,0,1,1,True,False,True,4,1,0
2023-05-30,leg,293,397860,10,0,1,1,True,False,True,5,1,0
2023-05-30,leg,293,397860,10,0,1,1,True,False,True,6,1,0
2023-05-30,leg,293,397860,10,0,1,1,True,False,True,7,1,0
2023-05-30,leg,293,397860,10,0,1,1,True,False,True,8,1,0
2023-05-30,leg,293,397860,10,0,1,1,True,False,True,9,1,0
2023-05-30,leg,293,397860,10,0,1,1,True,False,True,10,1,0
2023-05-30,leg,148968,206446,10,0,1,1,True,False,True,1,1,0
2023-05-30,leg,148968,206446,10,0,1,1,True,False,True,2,1,0
2023-05-30,leg,148968,206446,10,0,1,1,True,False,True,3,1,0
2023-05-30,leg,148968,206446,10,0,1,1,True,False,True,4,1,0
2023-05-30,leg,148968,206446,10,0,1,1,True,False,True,5,1,0
2023-05-30,leg,148968,206446,10,0,1,1,True,False,True,6,1,0
2023-05-30,leg,148968,206446,10,0,1,1,True,False,True,7,1,0
2023-05-30,leg,148968,206446,10,0,1,1,True,False,True,8,1,0
2023-05-30,leg,148968,206446,10,0,1,1,True,False,True,9,1,0
2023-05-30,leg,148968,206446,10,0,1,1,True,False,True,10,1,0
2023-05-30,leg,4764,328964,10,0,1,1,True,False,False,1,1,0
2023-05-30,leg,4764,328964,10,0,1,1,True,False,False,2,1,0
2023-05-30,leg,4764,328964,10,0,1,1,True,False,False,3,1,0
2023-05-30,leg,4764,328964,10,0,1,1,True,False,False,4,1,0
2023-05-30,leg,4764,328964,10,0,1,1,True,False,False,5,1,0
2023-05-30,leg,4764,328964,10,0,1,1,True,False,False,6,1,0
2023-05-30,leg,4764,328964,10,0,1,1,True,False,False,7,1,0
2023-05-30,leg,4764,328964,10,0,1,1,True,False,False,8,1,0
2023-05-30,leg,4764,328964,10,0,1,1,True,False,False,9,1,0
2023-05-30,leg,4764,328964,10,0,1,1,True,False,False,10,1,0
2023-05-30,leg,61614,266925,10,0,592,"2,3,4,5",True,False,False,1,574,18
2023-05-30,leg,61614,266925,10,0,592,"2,3,4,5",True,False,False,2,580,12
2023-05-30,leg,61614,266925,10,0,592,"2,3,4,5",True,False,False,3,579,13
2023-05-30,leg,61614,266925,10,0,592,"2,3,4,5",True,False,False,4,581,11
2023-05-30,leg,61614,266925,10,0,592,"2,3,4,5",True,False,False,5,583,9
2023-05-30,leg,61614,266925,10,0,592,"2,3,4,5",True,False,False,6,580,12
2023-05-30,leg,61614,266925,10,0,592,"2,3,4,5",True,False,False,7,581,11
2023-05-30,leg,61614,266925,10,0,592,"2,3,4,5",True,False,False,8,584,8
2023-05-30,leg,61614,266925,10,0,592,"2,3,4,5",True,False,False,9,585,7
2023-05-30,leg,61614,266925,10,0,592,"2,3,4,5",True,False,False,10,584,8
2023-05-30,leg,17639,41406,10,0,1,1,True,False,True,1,1,0
2023-05-30,leg,17639,41406,10,0,1,1,True,False,True,2,1,0
2023-05-30,leg,17639,41406,10,0,1,1,True,False,True,3,1,0
2023-05-30,leg,17639,41406,10,0,1,1,True,False,True,4,1,0
2023-05-30,leg,17639,41406,10,0,1,1,True,False,True,5,1,0
2023-05-30,leg,17639,41406,10,0,1,1,True,False,True,6,1,0
2023-05-30,leg,17639,41406,10,0,1,1,True,False,True,7,1,0
2023-05-30,leg,17639,41406,10,0,1,1,True,False,True,8,1,0
2023-05-30,leg,17639,41406,10,0,1,1,True,False,True,9,1,0
2023-05-30,leg,17639,41406,10,0,1,1,True,False,True,10,1,0
2023-05-30,leg,17639,211186,10,0,1,1,True,False,True,1,1,0
2023-05-30,leg,17639,211186,10,0,1,1,True,False,True,2,1,0
2023-05-30,leg,17639,211186,10,0,1,1,True,False,True,3,1,0
2023-05-30,leg,17639,211186,10,0,1,1,True,False,True,4,1,0
2023-05-30,leg,17639,211186,10,0,1,1,True,False,True,5,1,0
2023-05-30,leg,17639,211186,10,0,1,1,True,False,True,6,1,0
2023-05-30,leg,17639,211186,10,0,1,1,True,False,True,7,1,0
2023-05-30,leg,17639,211186,10,0,1,1,True,False,True,8,1,0
2023-05-30,leg,17639,211186,10,0,1,1,True,False,True,9,1,0
2023-05-30,leg,17639,211186,10,0,1,1,True,False,True,10,1,0
2023-05-30,leg,17639,212763,10,0,1,1,True,False,True,1,1,0
2023-05-30,leg,17639,212763,10,0,1,1,True,False,True,2,1,0
2023-05-30,leg,17639,212763,10,0,1,1,True,False,True,3,1,0
2023-05-30,leg,17639,212763,10,0,1,1,True,False,True,4,1,0
2023-05-30,leg,17639,212763,10,0,1,1,True,False,True,5,1,0
2023-05-30,leg,17639,212763,10,0,1,1,True,False,True,6,1,0
2023-05-30,leg,17639,212763,10,0,1,1,True,False,True,7,1,0
2023-05-30,leg,17639,212763,10,0,1,1,True,False,True,8,1,0
2023-05-30,leg,17639,212763,10,0,1,1,True,False,True,9,1,0
2023-05-30,leg,17639,212763,10,0,1,1,True,False,True,10,1,0
2023-05-30,leg,50629,212427,10,0,1,1,True,False,True,1,1,0
2023-05-30,leg,50629,212427,10,0,1,1,True,False,True,2,1,0
2023-05-30,leg,50629,212427,10,0,1,1,True,False,True,3,1,0
2023-05-30,leg,50629,212427,10,0,1,1,True,False,True,4,1,0
2023-05-30,leg,50629,212427,10,0,1,1,True,False,True,5,1,0
2023-05-30,leg,50629,212427,10,0,1,1,True,False,True,6,1,0
2023-05-30,leg,50629,212427,10,0,1,1,True,False,True,7,1,0
2023-05-30,leg,50629,212427,10,0,1,1,True,False,True,8,1,0
2023-05-30,leg,50629,212427,10,0,1,1,True,False,True,9,1,0
2023-05-30,leg,50629,212427,10,0,1,1,True,False,True,10,1,0
2023-05-30,leg,17639,53865,10,0,1,1,True,False,True,1,1,0
2023-05-30,leg,17639,53865,10,0,1,1,True,False,True,2,1,0
2023-05-30,leg,17639,53865,10,0,1,1,True,False,True,3,1,0
2023-05-30,leg,17639,53865,10,0,1,1,True,False,True,4,1,0
2023-05-30,leg,17639,53865,10,0,1,1,True,False,True,5,1,0
2023-05-30,leg,17639,53865,10,0,1,1,True,False,True,6,1,0
2023-05-30,leg,17639,53865,10,0,1,1,True,False,True,7,1,0
2023-05-30,leg,17639,53865,10,0,1,1,True,False,True,8,1,0
2023-05-30,leg,17639,53865,10,0,1,1,True,False,True,9,1,0
2023-05-30,leg,17639,53865,10,0,1,1,True,False,True,10,1,0
2023-05-30,leg,17639,43248,10,0,1,1,True,False,True,1,1,0
2023-05-30,leg,17639,43248,10,0,1,1,True,False,True,2,1,0
2023-05-30,leg,17639,43248,10,0,1,1,True,False,True,3,1,0
2023-05-30,leg,17639,43248,10,0,1,1,True,False,True,4,1,0
2023-05-30,leg,17639,43248,10,0,1,1,True,False,True,5,1,0
2023-05-30,leg,17639,43248,10,0,1,1,True,False,True,6,1,0
2023-05-30,leg,17639,43248,10,0,1,1,True,False,True,7,1,0
2023-05-30,leg,17639,43248,10,0,1,1,True,False,True,8,1,0
2023-05-30,leg,17639,43248,10,0,1,1,True,False,True,9,1,0
2023-05-30,leg,17639,43248,10,0,1,1,True,False,True,10,1,0
2023-05-30,leg,17639,213028,10,0,1,1,True,False,True,1,1,0
2023-05-30,leg,17639,213028,10,0,1,1,True,False,True,2,1,0
2023-05-30,leg,17639,213028,10,0,1,1,True,False,True,3,1,0
2023-05-30,leg,17639,213028,10,0,1,1,True,False,True,4,1,0
2023-05-30,leg,17639,213028,10,0,1,1,True,False,True,5,1,0
2023-05-30,leg,17639,213028,10,0,1,1,True,False,True,6,1,0
2023-05-30,leg,17639,213028,10,0,1,1,True,False,True,7,1,0
2023-05-30,leg,17639,213028,10,0,1,1,True,False,True,8,1,0
2023-05-30,leg,17639,213028,10,0,1,1,True,False,True,9,1,0
2023-05-30,leg,17639,213028,10,0,1,1,True,False,True,10,1,0
2023-05-30,leg,17639,197078,10,0,1,1,True,False,True,1,1,0
2023-05-30,leg,17639,197078,10,0,1,1,True,False,True,2,1,0
2023-05-30,leg,17639,197078,10,0,1,1,True,False,True,3,1,0
2023-05-30,leg,17639,197078,10,0,1,1,True,False,True,4,1,0
2023-05-30,leg,17639,197078,10,0,1,1,True,False,True,5,1,0
2023-05-30,leg,17639,197078,10,0,1,1,True,False,True,6,1,0
2023-05-30,leg,17639,197078,10,0,1,1,True,False,True,7,1,0
2023-05-30,leg,17639,197078,10,0,1,1,True,False,True,8,1,0
2023-05-30,leg,17639,197078,10,0,1,1,True,False,True,9,1,0
2023-05-30,leg,17639,197078,10,0,1,1,True,False,True,10,1,0
2023-05-30,leg,4826,133094,10,0,12,1,True,False,False,1,12,0
2023-05-30,leg,4826,133094,10,0,12,1,True,False,False,2,12,0
2023-05-30,leg,4826,133094,10,0,12,1,True,False,False,3,12,0
2023-05-30,leg,4826,133094,10,0,12,1,True,False,False,4,12,0
2023-05-30,leg,4826,133094,10,0,12,1,True,False,False,5,12,0
2023-05-30,leg,4826,133094,10,0,12,1,True,False,False,6,12,0
2023-05-30,leg,4826,133094,10,0,12,1,True,False,False,7,12,0
2023-05-30,leg,4826,133094,10,0,12,1,True,False,False,8,12,0
2023-05-30,leg,4826,133094,10,0,12,1,True,False,False,9,12,0
2023-05-30,leg,4826,133094,10,0,12,1,True,False,False,10,12,0
2023-05-30,leg,17639,49785,10,0,1,1,True,False,True,1,1,0
2023-05-30,leg,17639,49785,10,0,1,1,True,False,True,2,1,0
2023-05-30,leg,17639,49785,10,0,1,1,True,False,True,3,1,0
2023-05-30,leg,17639,49785,10,0,1,1,True,False,True,4,1,0
2023-05-30,leg,17639,49785,10,0,1,1,True,False,True,5,1,0
2023-05-30,leg,17639,49785,10,0,1,1,True,False,True,6,1,0
2023-05-30,leg,17639,49785,10,0,1,1,True,False,True,7,1,0
2023-05-30,leg,17639,49785,10,0,1,1,True,False,True,8,1,0
2023-05-30,leg,17639,49785,10,0,1,1,True,False,True,9,1,0
2023-05-30,leg,17639,49785,10,0,1,1,True,False,True,10,1,0
2023-05-30,leg,17639,33835,10,0,1,1,True,False,True,1,1,0
2023-05-30,leg,17639,33835,10,0,1,1,True,False,True,2,1,0
2023-05-30,leg,17639,33835,10,0,1,1,True,False,True,3,1,0
2023-05-30,leg,17639,33835,10,0,1,1,True,False,True,4,1,0
2023-05-30,leg,17639,33835,10,0,1,1,True,False,True,5,1,0
2023-05-30,leg,17639,33835,10,0,1,1,True,False,True,6,1,0
2023-05-30,leg,17639,33835,10,0,1,1,True,False,True,7,1,0
2023-05-30,leg,17639,33835,10,0,1,1,True,False,True,8,1,0
2023-05-30,leg,17639,33835,10,0,1,1,True,False,True,9,1,0
2023-05-30,leg,17639,33835,10,0,1,1,True,False,True,10,1,0
2023-05-30,leg,17639,43140,10,0,1,2,True,False,True,1,1,0
2023-05-30,leg,17639,43140,10,0,1,2,True,False,True,2,1,0
2023-05-30,leg,17639,43140,10,0,1,2,True,False,True,3,1,0
2023-05-30,leg,17639,43140,10,0,1,2,True,False,True,4,1,0
2023-05-30,leg,17639,43140,10,0,1,2,True,False,True,5,1,0
2023-05-30,leg,17639,43140,10,0,1,2,True,False,True,6,1,0
2023-05-30,leg,17639,43140,10,0,1,2,True,False,True,7,1,0
2023-05-30,leg,17639,43140,10,0,1,2,True,False,True,8,1,0
2023-05-30,leg,17639,43140,10,0,1,2,True,False,True,9,1,0
2023-05-30,leg,17639,43140,10,0,1,2,True,False,True,10,1,0
2023-05-30,leg,30992,328840,10,0,66,1,True,False,False,1,66,0
2023-05-30,leg,30992,328840,10,0,66,1,True,False,False,2,66,0
2023-05-30,leg,30992,328840,10,0,66,1,True,False,False,3,66,0
2023-05-30,leg,30992,328840,10,0,66,1,True,False,False,4,66,0
2023-05-30,leg,30992,328840,10,0,66,1,True,False,False,5,66,0
2023-05-30,leg,30992,328840,10,0,66,1,True,False,False,6,66,0
2023-05-30,leg,30992,328840,10,0,66,1,True,False,False,7,66,0
2023-05-30,leg,30992,328840,10,0,66,1,True,False,False,8,66,0
2023-05-30,leg,30992,328840,10,0,66,1,True,False,False,9,66,0
2023-05-30,leg,30992,328840,10,0,66,1,True,False,False,10,66,0
2023-05-30,leg,17639,200582,10,0,1,1,True,False,True,1,1,0
2023-05-30,leg,17639,200582,10,0,1,1,True,False,True,2,1,0
2023-05-30,leg,17639,200582,10,0,1,1,True,False,True,3,1,0
2023-05-30,leg,17639,200582,10,0,1,1,True,False,True,4,1,0
2023-05-30,leg,17639,200582,10,0,1,1,True,False,True,5,1,0
2023-05-30,leg,17639,200582,10,0,1,1,True,False,True,6,1,0
2023-05-30,leg,17639,200582,10,0,1,1,True,False,True,7,1,0
2023-05-30,leg,17639,200582,10,0,1,1,True,False,True,8,1,0
2023-05-30,leg,17639,200582,10,0,1,1,True,False,True,9,1,0
2023-05-30,leg,17639,200582,10,0,1,1,True,False,True,10,1,0
2023-05-30,leg,57277,204720,10,0,2,1,True,False,False,1,2,0
2023-05-30,leg,57277,204720,10,0,2,1,True,False,False,2,2,0
2023-05-30,leg,57277,204720,10,0,2,1,True,False,False,3,2,0
2023-05-30,leg,57277,204720,10,0,2,1,True,False,False,4,2,0
2023-05-30,leg,57277,204720,10,0,2,1,True,False,False,5,2,0
2023-05-30,leg,57277,204720,10,0,2,1,True,False,False,6,2,0
2023-05-30,leg,57277,204720,10,0,2,1,True,False,False,7,2,0
2023-05-30,leg,57277,204720,10,0,2,1,True,False,False,8,2,0
2023-05-30,leg,57277,204720,10,0,2,1,True,False,False,9,2,0
2023-05-30,leg,57277,204720,10,0,2,1,True,False,False,10,2,0
2023-05-30,leg,17639,57634,10,0,1,1,True,False,True,1,1,0
2023-05-30,leg,17639,57634,10,0,1,1,True,False,True,2,1,0
2023-05-30,leg,17639,57634,10,0,1,1,True,False,True,3,1,0
2023-05-30,leg,17639,57634,10,0,1,1,True,False,True,4,1,0
2023-05-30,leg,17639,57634,10,0,1,1,True,False,True,5,1,0
2023-05-30,leg,17639,57634,10,0,1,1,True,False,True,6,1,0
2023-05-30,leg,17639,57634,10,0,1,1,True,False,True,7,1,0
2023-05-30,leg,17639,57634,10,0,1,1,True,False,True,8,1,0
2023-05-30,leg,17639,57634,10,0,1,1,True,False,True,9,1,0
2023-05-30,leg,17639,57634,10,0,1,1,True,False,True,10,1,0
2023-05-30,leg,17639,205313,10,0,1,1,True,False,True,1,1,0
2023-05-30,leg,17639,205313,10,0,1,1,True,False,True,2,1,0
2023-05-30,leg,17639,205313,10,0,1,1,True,False,True,3,1,0
2023-05-30,leg,17639,205313,10,0,1,1,True,False,True,4,1,0
2023-05-30,leg,17639,205313,10,0,1,1,True,False,True,5,1,0
2023-05-30,leg,17639,205313,10,0,1,1,True,False,True,6,1,0
2023-05-30,leg,17639,205313,10,0,1,1,True,False,True,7,1,0
2023-05-30,leg,17639,205313,10,0,1,1,True,False,True,8,1,0
2023-05-30,leg,17639,205313,10,0,1,1,True,False,True,9,1,0
2023-05-30,leg,17639,205313,10,0,1,1,True,False,True,10,1,0
2023-05-30,leg,17639,262854,10,0,1,1,True,False,True,1,1,0
2023-05-30,leg,17639,262854,10,0,1,1,True,False,True,2,1,0
2023-05-30,leg,17639,262854,10,0,1,1,True,False,True,3,1,0
2023-05-30,leg,17639,262854,10,0,1,1,True,False,True,4,1,0
2023-05-30,leg,17639,262854,10,0,1,1,True,False,True,5,1,0
2023-05-30,leg,17639,262854,10,0,1,1,True,False,True,6,1,0
2023-05-30,leg,17639,262854,10,0,1,1,True,False,True,7,1,0
2023-05-30,leg,17639,262854,10,0,1,1,True,False,True,8,1,0
2023-05-30,leg,17639,262854,10,0,1,1,True,False,True,9,1,0
2023-05-30,leg,17639,262854,10,0,1,1,True,False,True,10,1,0
2023-05-30,leg,17639,210129,10,0,1,1,True,False,True,1,1,0
2023-05-30,leg,17639,210129,10,0,1,1,True,False,True,2,1,0
2023-05-30,leg,17639,210129,10,0,1,1,True,False,True,3,1,0
2023-05-30,leg,17639,210129,10,0,1,1,True,False,True,4,1,0
2023-05-30,leg,17639,210129,10,0,1,1,True,False,True,5,1,0
2023-05-30,leg,17639,210129,10,0,1,1,True,False,True,6,1,0
2023-05-30,leg,17639,210129,10,0,1,1,True,False,True,7,1,0
2023-05-30,leg,17639,210129,10,0,1,1,True,False,True,8,1,0
2023-05-30,leg,17639,210129,10,0,1,1,True,False,True,9,1,0
2023-05-30,leg,17639,210129,10,0,1,1,True,False,True,10,1,0
2023-05-30,leg,41805,206446,10,0,1,1,True,False,True,1,1,0
2023-05-30,leg,41805,206446,10,0,1,1,True,False,True,2,1,0
2023-05-30,leg,41805,206446,10,0,1,1,True,False,True,3,1,0
2023-05-30,leg,41805,206446,10,0,1,1,True,False,True,4,1,0
2023-05-30,leg,41805,206446,10,0,1,1,True,False,True,5,1,0
2023-05-30,leg,41805,206446,10,0,1,1,True,False,True,6,1,0
2023-05-30,leg,41805,206446,10,0,1,1,True,False,True,7,1,0
2023-05-30,leg,41805,206446,10,0,1,1,True,False,True,8,1,0
2023-05-30,leg,41805,206446,10,0,1,1,True,False,True,9,1,0
2023-05-30,leg,41805,206446,10,0,1,1,True,False,True,10,1,0
2023-05-30,leg,17639,196924,10,0,1,1,True,False,True,1,1,0
2023-05-30,leg,17639,196924,10,0,1,1,True,False,True,2,1,0
2023-05-30,leg,17639,196924,10,0,1,1,True,False,True,3,1,0
2023-05-30,leg,17639,196924,10,0,1,1,True,False,True,4,1,0
2023-05-30,leg,17639,196924,10,0,1,1,True,False,True,5,1,0
2023-05-30,leg,17639,196924,10,0,1,1,True,False,True,6,1,0
2023-05-30,leg,17639,196924,10,0,1,1,True,False,True,7,1,0
2023-05-30,leg,17639,196924,10,0,1,1,True,False,True,8,1,0
2023-05-30,leg,17639,196924,10,0,1,1,True,False,True,9,1,0
2023-05-30,leg,17639,196924,10,0,1,1,True,False,True,10,1,0
2023-05-30,leg,17639,202257,10,0,1,1,True,False,True,1,1,0
2023-05-30,leg,17639,202257,10,0,1,1,True,False,True,2,1,0
2023-05-30,leg,17639,202257,10,0,1,1,True,False,True,3,1,0
2023-05-30,leg,17639,202257,10,0,1,1,True,False,True,4,1,0
2023-05-30,leg,17639,202257,10,0,1,1,True,False,True,5,1,0
2023-05-30,leg,17639,202257,10,0,1,1,True,False,True,6,1,0
2023-05-30,leg,17639,202257,10,0,1,1,True,False,True,7,1,0
2023-05-30,leg,17639,202257,10,0,1,1,True,False,True,8,1,0
2023-05-30,leg,17639,202257,10,0,1,1,True,False,True,9,1,0
2023-05-30,leg,17639,202257,10,0,1,1,True,False,True,10,1,0
2023-05-30,leg,29550,44574,10,0,31,1,True,False,False,1,31,0
2023-05-30,leg,29550,44574,10,0,31,1,True,False,False,2,31,0
2023-05-30,leg,29550,44574,10,0,31,1,True,False,False,3,31,0
2023-05-30,leg,29550,44574,10,0,31,1,True,False,False,4,31,0
2023-05-30,leg,29550,44574,10,0,31,1,True,False,False,5,31,0
2023-05-30,leg,29550,44574,10,0,31,1,True,False,False,6,31,0
2023-05-30,leg,29550,44574,10,0,31,1,True,False,False,7,31,0
2023-05-30,leg,29550,44574,10,0,31,1,True,False,False,8,31,0
2023-05-30,leg,29550,44574,10,0,31,1,True,False,False,9,31,0
2023-05-30,leg,29550,44574,10,0,31,1,True,False,False,10,31,0
2023-05-30,leg,17639,36040,10,0,1,1,True,False,True,1,1,0
2023-05-30,leg,17639,36040,10,0,1,1,True,False,True,2,1,0
2023-05-30,leg,17639,36040,10,0,1,1,True,False,True,3,1,0
2023-05-30,leg,17639,36040,10,0,1,1,True,False,True,4,1,0
2023-05-30,leg,17639,36040,10,0,1,1,True,False,True,5,1,0
2023-05-30,leg,17639,36040,10,0,1,1,True,False,True,6,1,0
2023-05-30,leg,17639,36040,10,0,1,1,True,False,True,7,1,0
2023-05-30,leg,17639,36040,10,0,1,1,True,False,True,8,1,0
2023-05-30,leg,17639,36040,10,0,1,1,True,False,True,9,1,0
2023-05-30,leg,17639,36040,10,0,1,1,True,False,True,10,1,0
2023-05-30,leg,1916,263609,10,0,1,1,True,False,False,1,1,0
2023-05-30,leg,1916,263609,10,0,1,1,True,False,False,2,1,0
2023-05-30,leg,1916,263609,10,0,1,1,True,False,False,3,1,0
2023-05-30,leg,1916,263609,10,0,1,1,True,False,False,4,1,0
2023-05-30,leg,1916,263609,10,0,1,1,True,False,False,5,1,0
2023-05-30,leg,1916,263609,10,0,1,1,True,False,False,6,1,0
2023-05-30,leg,1916,263609,10,0,1,1,True,False,False,7,1,0
2023-05-30,leg,1916,263609,10,0,1,1,True,False,False,8,1,0
2023-05-30,leg,1916,263609,10,0,1,1,True,False,False,9,1,0
2023-05-30,leg,1916,263609,10,0,1,1,True,False,False,10,1,0
2023-05-30,leg,61595,265072,10,0,1,1,True,False,False,1,1,0
2023-05-30,leg,61595,265072,10,0,1,1,True,False,False,2,1,0
2023-05-30,leg,61595,265072,10,0,1,1,True,False,False,3,1,0
2023-05-30,leg,61595,265072,10,0,1,1,True,False,False,4,1,0
2023-05-30,leg,61595,265072,10,0,1,1,True,False,False,5,1,0
2023-05-30,leg,61595,265072,10,0,1,1,True,False,False,6,1,0
2023-05-30,leg,61595,265072,10,0,1,1,True,False,False,7,1,0
2023-05-30,leg,61595,265072,10,0,1,1,True,False,False,8,1,0
2023-05-30,leg,61595,265072,10,0,1,1,True,False,False,9,1,0
2023-05-30,leg,61595,265072,10,0,1,1,True,False,False,10,1,0
2023-05-30,leg,17639,56456,10,0,1,1,True,False,True,1,1,0
2023-05-30,leg,17639,56456,10,0,1,1,True,False,True,2,1,0
2023-05-30,leg,17639,56456,10,0,1,1,True,False,True,3,1,0
2023-05-30,leg,17639,56456,10,0,1,1,True,False,True,4,1,0
2023-05-30,leg,17639,56456,10,0,1,1,True,False,True,5,1,0
2023-05-30,leg,17639,56456,10,0,1,1,True,False,True,6,1,0
2023-05-30,leg,17639,56456,10,0,1,1,True,False,True,7,1,0
2023-05-30,leg,17639,56456,10,0,1,1,True,False,True,8,1,0
2023-05-30,leg,17639,56456,10,0,1,1,True,False,True,9,1,0
2023-05-30,leg,17639,56456,10,0,1,1,True,False,True,10,1,0
2023-05-30,leg,17639,44527,10,0,2,"1,2",True,False,True,1,2,0
2023-05-30,leg,17639,44527,10,0,2,"1,2",True,False,True,2,2,0
2023-05-30,leg,17639,44527,10,0,2,"1,2",True,False,True,3,2,0
2023-05-30,leg,17639,44527,10,0,2,"1,2",True,False,True,4,2,0
2023-05-30,leg,17639,44527,10,0,2,"1,2",True,False,True,5,2,0
2023-05-30,leg,17639,44527,10,0,2,"1,2",True,False,True,6,2,0
2023-05-30,leg,17639,44527,10,0,2,"1,2",True,False,True,7,2,0
2023-05-30,leg,17639,44527,10,0,2,"1,2",True,False,True,8,2,0
2023-05-30,leg,17639,44527,10,0,2,"1,2",True,False,True,9,2,0
2023-05-30,leg,17639,44527,10,0,2,"1,2",True,False,True,10,2,0
2023-05-30,leg,17639,206988,10,0,1,1,True,False,True,1,1,0
2023-05-30,leg,17639,206988,10,0,1,1,True,False,True,2,1,0
2023-05-30,leg,17639,206988,10,0,1,1,True,False,True,3,1,0
2023-05-30,leg,17639,206988,10,0,1,1,True,False,True,4,1,0
2023-05-30,leg,17639,206988,10,0,1,1,True,False,True,5,1,0
2023-05-30,leg,17639,206988,10,0,1,1,True,False,True,6,1,0
2023-05-30,leg,17639,206988,10,0,1,1,True,False,True,7,1,0
2023-05-30,leg,17639,206988,10,0,1,1,True,False,True,8,1,0
2023-05-30,leg,17639,206988,10,0,1,1,True,False,True,9,1,0
2023-05-30,leg,17639,206988,10,0,1,1,True,False,True,10,1,0
2023-05-30,leg,17639,262422,10,0,1,1,True,False,True,1,1,0
2023-05-30,leg,17639,262422,10,0,1,1,True,False,True,2,1,0
2023-05-30,leg,17639,262422,10,0,1,1,True,False,True,3,1,0
2023-05-30,leg,17639,262422,10,0,1,1,True,False,True,4,1,0
2023-05-30,leg,17639,262422,10,0,1,1,True,False,True,5,1,0
2023-05-30,leg,17639,262422,10,0,1,1,True,False,True,6,1,0
2023-05-30,leg,17639,262422,10,0,1,1,True,False,True,7,1,0
2023-05-30,leg,17639,262422,10,0,1,1,True,False,True,8,1,0
2023-05-30,leg,17639,262422,10,0,1,1,True,False,True,9,1,0
2023-05-30,leg,17639,262422,10,0,1,1,True,False,True,10,1,0
2023-05-30,leg,4809,269568,10,0,4,3,True,False,False,1,4,0
2023-05-30,leg,4809,269568,10,0,4,3,True,False,False,2,4,0
2023-05-30,leg,4809,269568,10,0,4,3,True,False,False,3,4,0
2023-05-30,leg,4809,269568,10,0,4,3,True,False,False,4,4,0
2023-05-30,leg,4809,269568,10,0,4,3,True,False,False,5,4,0
2023-05-30,leg,4809,269568,10,0,4,3,True,False,False,6,4,0
2023-05-30,leg,4809,269568,10,0,4,3,True,False,False,7,4,0
2023-05-30,leg,4809,269568,10,0,4,3,True,False,False,8,4,0
2023-05-30,leg,4809,269568,10,0,4,3,True,False,False,9,4,0
2023-05-30,leg,4809,269568,10,0,4,3,True,False,False,10,4,0
2023-05-30,leg,17639,198213,10,0,1,1,True,False,True,1,1,0
2023-05-30,leg,17639,198213,10,0,1,1,True,False,True,2,1,0
2023-05-30,leg,17639,198213,10,0,1,1,True,False,True,3,1,0
2023-05-30,leg,17639,198213,10,0,1,1,True,False,True,4,1,0
2023-05-30,leg,17639,198213,10,0,1,1,True,False,True,5,1,0
2023-05-30,leg,17639,198213,10,0,1,1,True,False,True,6,1,0
2023-05-30,leg,17639,198213,10,0,1,1,True,False,True,7,1,0
2023-05-30,leg,17639,198213,10,0,1,1,True,False,True,8,1,0
2023-05-30,leg,17639,198213,10,0,1,1,True,False,True,9,1,0
2023-05-30,leg,17639,198213,10,0,1,1,True,False,True,10,1,0
2023-05-30,leg,6758,50624,10,0,1,1,True,False,False,1,1,0
2023-05-30,leg,6758,50624,10,0,1,1,True,False,False,2,1,0
2023-05-30,leg,6758,50624,10,0,1,1,True,False,False,3,1,0
2023-05-30,leg,6758,50624,10,0,1,1,True,False,False,4,1,0
2023-05-30,leg,6758,50624,10,0,1,1,True,False,False,5,1,0
2023-05-30,leg,6758,50624,10,0,1,1,True,False,False,6,1,0
2023-05-30,leg,6758,50624,10,0,1,1,True,False,False,7,1,0
2023-05-30,leg,6758,50624,10,0,1,1,True,False,False,8,1,0
2023-05-30,leg,6758,50624,10,0,1,1,True,False,False,9,1,0
2023-05-30,leg,6758,50624,10,0,1,1,True,False,False,10,1,0
2023-05-30,leg,17639,270271,10,0,1,1,True,False,True,1,1,0
2023-05-30,leg,17639,270271,10,0,1,1,True,False,True,2,1,0
2023-05-30,leg,17639,270271,10,0,1,1,True,False,True,3,1,0
2023-05-30,leg,17639,270271,10,0,1,1,True,False,True,4,1,0
2023-05-30,leg,17639,270271,10,0,1,1,True,False,True,5,1,0
2023-05-30,leg,17639,270271,10,0,1,1,True,False,True,6,1,0
2023-05-30,leg,17639,270271,10,0,1,1,True,False,True,7,1,0
2023-05-30,leg,17639,270271,10,0,1,1,True,False,True,8,1,0
2023-05-30,leg,17639,270271,10,0,1,1,True,False,True,9,1,0
2023-05-30,leg,17639,270271,10,0,1,1,True,False,True,10,1,0
2023-05-30,leg,17639,21379,10,0,1,2,True,False,True,1,1,0
2023-05-30,leg,17639,21379,10,0,1,2,True,False,True,2,1,0
2023-05-30,leg,17639,21379,10,0,1,2,True,False,True,3,1,0
2023-05-30,leg,17639,21379,10,0,1,2,True,False,True,4,1,0
2023-05-30,leg,17639,21379,10,0,1,2,True,False,True,5,1,0
2023-05-30,leg,17639,21379,10,0,1,2,True,False,True,6,1,0
2023-05-30,leg,17639,21379,10,0,1,2,True,False,True,7,1,0
2023-05-30,leg,17639,21379,10,0,1,2,True,False,True,8,1,0
2023-05-30,leg,17639,21379,10,0,1,2,True,False,True,9,1,0
2023-05-30,leg,17639,21379,10,0,1,2,True,False,True,10,1,0
2023-05-30,leg,17639,50655,10,0,1,1,True,False,True,1,1,0
2023-05-30,leg,17639,50655,10,0,1,1,True,False,True,2,1,0
2023-05-30,leg,17639,50655,10,0,1,1,True,False,True,3,1,0
2023-05-30,leg,17639,50655,10,0,1,1,True,False,True,4,1,0
2023-05-30,leg,17639,50655,10,0,1,1,True,False,True,5,1,0
2023-05-30,leg,17639,50655,10,0,1,1,True,False,True,6,1,0
2023-05-30,leg,17639,50655,10,0,1,1,True,False,True,7,1,0
2023-05-30,leg,17639,50655,10,0,1,1,True,False,True,8,1,0
2023-05-30,leg,17639,50655,10,0,1,1,True,False,True,9,1,0
2023-05-30,leg,17639,50655,10,0,1,1,True,False,True,10,1,0
2023-05-30,leg,293,3605,10,0,1,1,True,False,True,1,1,0
2023-05-30,leg,293,3605,10,0,1,1,True,False,True,2,1,0
2023-05-30,leg,293,3605,10,0,1,1,True,False,True,3,1,0
2023-05-30,leg,293,3605,10,0,1,1,True,False,True,4,1,0
2023-05-30,leg,293,3605,10,0,1,1,True,False,True,5,1,0
2023-05-30,leg,293,3605,10,0,1,1,True,False,True,6,1,0
2023-05-30,leg,293,3605,10,0,1,1,True,False,True,7,1,0
2023-05-30,leg,293,3605,10,0,1,1,True,False,True,8,1,0
2023-05-30,leg,293,3605,10,0,1,1,True,False,True,9,1,0
2023-05-30,leg,293,3605,10,0,1,1,True,False,True,10,1,0
2023-05-30,leg,17639,209854,10,0,1,1,True,False,True,1,1,0
2023-05-30,leg,17639,209854,10,0,1,1,True,False,True,2,1,0
2023-05-30,leg,17639,209854,10,0,1,1,True,False,True,3,1,0
2023-05-30,leg,17639,209854,10,0,1,1,True,False,True,4,1,0
2023-05-30,leg,17639,209854,10,0,1,1,True,False,True,5,1,0
2023-05-30,leg,17639,209854,10,0,1,1,True,False,True,6,1,0
2023-05-30,leg,17639,209854,10,0,1,1,True,False,True,7,1,0
2023-05-30,leg,17639,209854,10,0,1,1,True,False,True,8,1,0
2023-05-30,leg,17639,209854,10,0,1,1,True,False,True,9,1,0
2023-05-30,leg,17639,209854,10,0,1,1,True,False,True,10,1,0
2023-05-30,leg,9848,18403,10,0,4,3,True,False,False,1,4,0
2023-05-30,leg,9848,18403,10,0,4,3,True,False,False,2,4,0
2023-05-30,leg,9848,18403,10,0,4,3,True,False,False,3,4,0
2023-05-30,leg,9848,18403,10,0,4,3,True,False,False,4,4,0
2023-05-30,leg,9848,18403,10,0,4,3,True,False,False,5,4,0
2023-05-30,leg,9848,18403,10,0,4,3,True,False,False,6,4,0
2023-05-30,leg,9848,18403,10,0,4,3,True,False,False,7,4,0
2023-05-30,leg,9848,18403,10,0,4,3,True,False,False,8,4,0
2023-05-30,leg,9848,18403,10,0,4,3,True,False,False,9,4,0
2023-05-30,leg,9848,18403,10,0,4,3,True,False,False,10,4,0
2023-05-30,leg,17639,62296,10,0,1,1,True,False,True,1,1,0
2023-05-30,leg,17639,62296,10,0,1,1,True,False,True,2,1,0
2023-05-30,leg,17639,62296,10,0,1,1,True,False,True,3,1,0
2023-05-30,leg,17639,62296,10,0,1,1,True,False,True,4,1,0
2023-05-30,leg,17639,62296,10,0,1,1,True,False,True,5,1,0
2023-05-30,leg,17639,62296,10,0,1,1,True,False,True,6,1,0
2023-05-30,leg,17639,62296,10,0,1,1,True,False,True,7,1,0
2023-05-30,leg,17639,62296,10,0,1,1,True,False,True,8,1,0
2023-05-30,leg,17639,62296,10,0,1,1,True,False,True,9,1,0
2023-05-30,leg,17639,62296,10,0,1,1,True,False,True,10,1,0
2023-05-30,leg,31122,209768,10,0,1,1,True,False,True,1,1,0
2023-05-30,leg,31122,209768,10,0,1,1,True,False,True,2,1,0
2023-05-30,leg,31122,209768,10,0,1,1,True,False,True,3,1,0
2023-05-30,leg,31122,209768,10,0,1,1,True,False,True,4,1,0
2023-05-30,leg,31122,209768,10,0,1,1,True,False,True,5,1,0
2023-05-30,leg,31122,209768,10,0,1,1,True,False,True,6,1,0
2023-05-30,leg,31122,209768,10,0,1,1,True,False,True,7,1,0
2023-05-30,leg,31122,209768,10,0,1,1,True,False,True,8,1,0
2023-05-30,leg,31122,209768,10,0,1,1,True,False,True,9,1,0
2023-05-30,leg,31122,209768,10,0,1,1,True,False,True,10,1,0
2023-05-30,leg,13172,17639,10,0,1,1,True,False,True,1,1,0
2023-05-30,leg,13172,17639,10,0,1,1,True,False,True,2,1,0
2023-05-30,leg,13172,17639,10,0,1,1,True,False,True,3,1,0
2023-05-30,leg,13172,17639,10,0,1,1,True,False,True,4,1,0
2023-05-30,leg,13172,17639,10,0,1,1,True,False,True,5,1,0
2023-05-30,leg,13172,17639,10,0,1,1,True,False,True,6,1,0
2023-05-30,leg,13172,17639,10,0,1,1,True,False,True,7,1,0
2023-05-30,leg,13172,17639,10,0,1,1,True,False,True,8,1,0
2023-05-30,leg,13172,17639,10,0,1,1,True,False,True,9,1,0
2023-05-30,leg,13172,17639,10,0,1,1,True,False,True,10,1,0
2023-05-30,leg,17639,206821,10,0,1,1,True,False,True,1,1,0
2023-05-30,leg,17639,206821,10,0,1,1,True,False,True,2,1,0
2023-05-30,leg,17639,206821,10,0,1,1,True,False,True,3,1,0
2023-05-30,leg,17639,206821,10,0,1,1,True,False,True,4,1,0
2023-05-30,leg,17639,206821,10,0,1,1,True,False,True,5,1,0
2023-05-30,leg,17639,206821,10,0,1,1,True,False,True,6,1,0
2023-05-30,leg,17639,206821,10,0,1,1,True,False,True,7,1,0
2023-05-30,leg,17639,206821,10,0,1,1,True,False,True,8,1,0
2023-05-30,leg,17639,206821,10,0,1,1,True,False,True,9,1,0
2023-05-30,leg,17639,206821,10,0,1,1,True,False,True,10,1,0
2023-05-30,leg,17639,200176,10,0,1,1,True,False,True,1,1,0
2023-05-30,leg,17639,200176,10,0,1,1,True,False,True,2,1,0
2023-05-30,leg,17639,200176,10,0,1,1,True,False,True,3,1,0
2023-05-30,leg,17639,200176,10,0,1,1,True,False,True,4,1,0
2023-05-30,leg,17639,200176,10,0,1,1,True,False,True,5,1,0
2023-05-30,leg,17639,200176,10,0,1,1,True,False,True,6,1,0
2023-05-30,leg,17639,200176,10,0,1,1,True,False,True,7,1,0
2023-05-30,leg,17639,200176,10,0,1,1,True,False,True,8,1,0
2023-05-30,leg,17639,200176,10,0,1,1,True,False,True,9,1,0
2023-05-30,leg,17639,200176,10,0,1,1,True,False,True,10,1,0
2023-05-30,leg,17639,50812,10,0,1,1,True,False,True,1,1,0
2023-05-30,leg,17639,50812,10,0,1,1,True,False,True,2,1,0
2023-05-30,leg,17639,50812,10,0,1,1,True,False,True,3,1,0
2023-05-30,leg,17639,50812,10,0,1,1,True,False,True,4,1,0
2023-05-30,leg,17639,50812,10,0,1,1,True,False,True,5,1,0
2023-05-30,leg,17639,50812,10,0,1,1,True,False,True,6,1,0
2023-05-30,leg,17639,50812,10,0,1,1,True,False,True,7,1,0
2023-05-30,leg,17639,50812,10,0,1,1,True,False,True,8,1,0
2023-05-30,leg,17639,50812,10,0,1,1,True,False,True,9,1,0
2023-05-30,leg,17639,50812,10,0,1,1,True,False,True,10,1,0
2023-05-30,leg,17639,209072,10,0,1,1,True,False,True,1,1,0
2023-05-30,leg,17639,209072,10,0,1,1,True,False,True,2,1,0
2023-05-30,leg,17639,209072,10,0,1,1,True,False,True,3,1,0
2023-05-30,leg,17639,209072,10,0,1,1,True,False,True,4,1,0
2023-05-30,leg,17639,209072,10,0,1,1,True,False,True,5,1,0
2023-05-30,leg,17639,209072,10,0,1,1,True,False,True,6,1,0
2023-05-30,leg,17639,209072,10,0,1,1,True,False,True,7,1,0
2023-05-30,leg,17639,209072,10,0,1,1,True,False,True,8,1,0
2023-05-30,leg,17639,209072,10,0,1,1,True,False,True,9,1,0
2023-05-30,leg,17639,209072,10,0,1,1,True,False,True,10,1,0
2023-05-30,leg,4764,23921,10,0,1,1,True,False,False,1,1,0
2023-05-30,leg,4764,23921,10,0,1,1,True,False,False,2,1,0
2023-05-30,leg,4764,23921,10,0,1,1,True,False,False,3,1,0
2023-05-30,leg,4764,23921,10,0,1,1,True,False,False,4,1,0
2023-05-30,leg,4764,23921,10,0,1,1,True,False,False,5,1,0
2023-05-30,leg,4764,23921,10,0,1,1,True,False,False,6,1,0
2023-05-30,leg,4764,23921,10,0,1,1,True,False,False,7,1,0
2023-05-30,leg,4764,23921,10,0,1,1,True,False,False,8,1,0
2023-05-30,leg,4764,23921,10,0,1,1,True,False,False,9,1,0
2023-05-30,leg,4764,23921,10,0,1,1,True,False,False,10,1,0
2023-05-30,leg,17639,31564,10,0,2,"1,2",True,False,True,1,2,0
2023-05-30,leg,17639,31564,10,0,2,"1,2",True,False,True,2,2,0
2023-05-30,leg,17639,31564,10,0,2,"1,2",True,False,True,3,2,0
2023-05-30,leg,17639,31564,10,0,2,"1,2",True,False,True,4,2,0
2023-05-30,leg,17639,31564,10,0,2,"1,2",True,False,True,5,2,0
2023-05-30,leg,17639,31564,10,0,2,"1,2",True,False,True,6,2,0
2023-05-30,leg,17639,31564,10,0,2,"1,2",True,False,True,7,2,0
2023-05-30,leg,17639,31564,10,0,2,"1,2",True,False,True,8,2,0
2023-05-30,leg,17639,31564,10,0,2,"1,2",True,False,True,9,2,0
2023-05-30,leg,17639,31564,10,0,2,"1,2",True,False,True,10,2,0
2023-05-30,leg,17639,42446,10,0,1,1,True,False,True,1,1,0
2023-05-30,leg,17639,42446,10,0,1,1,True,False,True,2,1,0
2023-05-30,leg,17639,42446,10,0,1,1,True,False,True,3,1,0
2023-05-30,leg,17639,42446,10,0,1,1,True,False,True,4,1,0
2023-05-30,leg,17639,42446,10,0,1,1,True,False,True,5,1,0
2023-05-30,leg,17639,42446,10,0,1,1,True,False,True,6,1,0
2023-05-30,leg,17639,42446,10,0,1,1,True,False,True,7,1,0
2023-05-30,leg,17639,42446,10,0,1,1,True,False,True,8,1,0
2023-05-30,leg,17639,42446,10,0,1,1,True,False,True,9,1,0
2023-05-30,leg,17639,42446,10,0,1,1,True,False,True,10,1,0
2023-05-30,leg,17639,60202,10,0,1,1,True,False,True,1,1,0
2023-05-30,leg,17639,60202,10,0,1,1,True,False,True,2,1,0
2023-05-30,leg,17639,60202,10,0,1,1,True,False,True,3,1,0
2023-05-30,leg,17639,60202,10,0,1,1,True,False,True,4,1,0
2023-05-30,leg,17639,60202,10,0,1,1,True,False,True,5,1,0
2023-05-30,leg,17639,60202,10,0,1,1,True,False,True,6,1,0
2023-05-30,leg,17639,60202,10,0,1,1,True,False,True,7,1,0
2023-05-30,leg,17639,60202,10,0,1,1,True,False,True,8,1,0
2023-05-30,leg,17639,60202,10,0,1,1,True,False,True,9,1,0
2023-05-30,leg,17639,60202,10,0,1,1,True,False,True,10,1,0
2023-05-30,leg,57277,60139,10,0,4,1,True,False,False,1,4,0
2023-05-30,leg,57277,60139,10,0,4,1,True,False,False,2,4,0
2023-05-30,leg,57277,60139,10,0,4,1,True,False,False,3,4,0
2023-05-30,leg,57277,60139,10,0,4,1,True,False,False,4,4,0
2023-05-30,leg,57277,60139,10,0,4,1,True,False,False,5,4,0
2023-05-30,leg,57277,60139,10,0,4,1,True,False,False,6,4,0
2023-05-30,leg,57277,60139,10,0,4,1,True,False,False,7,4,0
2023-05-30,leg,57277,60139,10,0,4,1,True,False,False,8,4,0
2023-05-30,leg,57277,60139,10,0,4,1,True,False,False,9,4,0
2023-05-30,leg,57277,60139,10,0,4,1,True,False,False,10,4,0
2023-05-30,leg,17639,48453,10,0,1,1,True,False,True,1,1,0
2023-05-30,leg,17639,48453,10,0,1,1,True,False,True,2,1,0
2023-05-30,leg,17639,48453,10,0,1,1,True,False,True,3,1,0
2023-05-30,leg,17639,48453,10,0,1,1,True,False,True,4,1,0
2023-05-30,leg,17639,48453,10,0,1,1,True,False,True,5,1,0
2023-05-30,leg,17639,48453,10,0,1,1,True,False,True,6,1,0
2023-05-30,leg,17639,48453,10,0,1,1,True,False,True,7,1,0
2023-05-30,leg,17639,48453,10,0,1,1,True,False,True,8,1,0
2023-05-30,leg,17639,48453,10,0,1,1,True,False,True,9,1,0
2023-05-30,leg,17639,48453,10,0,1,1,True,False,True,10,1,0
2023-05-30,leg,9848,10158,10,0,2,2,True,False,False,1,2,0
2023-05-30,leg,9848,10158,10,0,2,2,True,False,False,2,2,0
2023-05-30,leg,9848,10158,10,0,2,2,True,False,False,3,2,0
2023-05-30,leg,9848,10158,10,0,2,2,True,False,False,4,2,0
2023-05-30,leg,9848,10158,10,0,2,2,True,False,False,5,2,0
2023-05-30,leg,9848,10158,10,0,2,2,True,False,False,6,2,0
2023-05-30,leg,9848,10158,10,0,2,2,True,False,False,7,2,0
2023-05-30,leg,9848,10158,10,0,2,2,True,False,False,8,2,0
2023-05-30,leg,9848,10158,10,0,2,2,True,False,False,9,2,0
2023-05-30,leg,9848,10158,10,0,2,2,True,False,False,10,2,0
2023-05-30,leg,17639,59829,10,0,1,1,True,False,True,1,1,0
2023-05-30,leg,17639,59829,10,0,1,1,True,False,True,2,1,0
2023-05-30,leg,17639,59829,10,0,1,1,True,False,True,3,1,0
2023-05-30,leg,17639,59829,10,0,1,1,True,False,True,4,1,0
2023-05-30,leg,17639,59829,10,0,1,1,True,False,True,5,1,0
2023-05-30,leg,17639,59829,10,0,1,1,True,False,True,6,1,0
2023-05-30,leg,17639,59829,10,0,1,1,True,False,True,7,1,0
2023-05-30,leg,17639,59829,10,0,1,1,True,False,True,8,1,0
2023-05-30,leg,17639,59829,10,0,1,1,True,False,True,9,1,0
2023-05-30,leg,17639,59829,10,0,1,1,True,False,True,10,1,0
2023-05-30,leg,17639,51198,10,0,1,1,True,False,True,1,1,0
2023-05-30,leg,17639,51198,10,0,1,1,True,False,True,2,1,0
2023-05-30,leg,17639,51198,10,0,1,1,True,False,True,3,1,0
2023-05-30,leg,17639,51198,10,0,1,1,True,False,True,4,1,0
2023-05-30,leg,17639,51198,10,0,1,1,True,False,True,5,1,0
2023-05-30,leg,17639,51198,10,0,1,1,True,False,True,6,1,0
2023-05-30,leg,17639,51198,10,0,1,1,True,False,True,7,1,0
2023-05-30,leg,17639,51198,10,0,1,1,True,False,True,8,1,0
2023-05-30,leg,17639,51198,10,0,1,1,True,False,True,9,1,0
2023-05-30,leg,17639,51198,10,0,1,1,True,False,True,10,1,0
2023-05-30,leg,17639,199250,10,0,2,"1,2",True,False,True,1,2,0
2023-05-30,leg,17639,199250,10,0,2,"1,2",True,False,True,2,2,0
2023-05-30,leg,17639,199250,10,0,2,"1,2",True,False,True,3,2,0
2023-05-30,leg,17639,199250,10,0,2,"1,2",True,False,True,4,2,0
2023-05-30,leg,17639,199250,10,0,2,"1,2",True,False,True,5,2,0
2023-05-30,leg,17639,199250,10,0,2,"1,2",True,False,True,6,2,0
2023-05-30,leg,17639,199250,10,0,2,"1,2",True,False,True,7,2,0
2023-05-30,leg,17639,199250,10,0,2,"1,2",True,False,True,8,2,0
2023-05-30,leg,17639,199250,10,0,2,"1,2",True,False,True,9,2,0
2023-05-30,leg,17639,199250,10,0,2,"1,2",True,False,True,10,2,0
2023-05-30,leg,17639,267516,10,0,1,1,True,False,True,1,1,0
2023-05-30,leg,17639,267516,10,0,1,1,True,False,True,2,1,0
2023-05-30,leg,17639,267516,10,0,1,1,True,False,True,3,1,0
2023-05-30,leg,17639,267516,10,0,1,1,True,False,True,4,1,0
2023-05-30,leg,17639,267516,10,0,1,1,True,False,True,5,1,0
2023-05-30,leg,17639,267516,10,0,1,1,True,False,True,6,1,0
2023-05-30,leg,17639,267516,10,0,1,1,True,False,True,7,1,0
2023-05-30,leg,17639,267516,10,0,1,1,True,False,True,8,1,0
2023-05-30,leg,17639,267516,10,0,1,1,True,False,True,9,1,0
2023-05-30,leg,17639,267516,10,0,1,1,True,False,True,10,1,0
2023-05-30,leg,17639,43061,10,0,20,"1,2,3",True,False,True,1,20,0
2023-05-30,leg,17639,43061,10,0,20,"1,2,3",True,False,True,2,20,0
2023-05-30,leg,17639,43061,10,0,20,"1,2,3",True,False,True,3,20,0
2023-05-30,leg,17639,43061,10,0,20,"1,2,3",True,False,True,4,20,0
2023-05-30,leg,17639,43061,10,0,20,"1,2,3",True,False,True,5,20,0
2023-05-30,leg,17639,43061,10,0,20,"1,2,3",True,False,True,6,20,0
2023-05-30,leg,17639,43061,10,0,20,"1,2,3",True,False,True,7,20,0
2023-05-30,leg,17639,43061,10,0,20,"1,2,3",True,False,True,8,20,0
2023-05-30,leg,17639,43061,10,0,20,"1,2,3",True,False,True,9,20,0
2023-05-30,leg,17639,43061,10,0,20,"1,2,3",True,False,True,10,20,0
2023-05-30,leg,17639,60359,10,0,1,1,True,False,True,1,1,0
2023-05-30,leg,17639,60359,10,0,1,1,True,False,True,2,1,0
2023-05-30,leg,17639,60359,10,0,1,1,True,False,True,3,1,0
2023-05-30,leg,17639,60359,10,0,1,1,True,False,True,4,1,0
2023-05-30,leg,17639,60359,10,0,1,1,True,False,True,5,1,0
2023-05-30,leg,17639,60359,10,0,1,1,True,False,True,6,1,0
2023-05-30,leg,17639,60359,10,0,1,1,True,False,True,7,1,0
2023-05-30,leg,17639,60359,10,0,1,1,True,False,True,8,1,0
2023-05-30,leg,17639,60359,10,0,1,1,True,False,True,9,1,0
2023-05-30,leg,17639,60359,10,0,1,1,True,False,True,10,1,0
2023-05-30,leg,17639,271694,10,0,1,1,True,False,True,1,1,0
2023-05-30,leg,17639,271694,10,0,1,1,True,False,True,2,1,0
2023-05-30,leg,17639,271694,10,0,1,1,True,False,True,3,1,0
2023-05-30,leg,17639,271694,10,0,1,1,True,False,True,4,1,0
2023-05-30,leg,17639,271694,10,0,1,1,True,False,True,5,1,0
2023-05-30,leg,17639,271694,10,0,1,1,True,False,True,6,1,0
2023-05-30,leg,17639,271694,10,0,1,1,True,False,True,7,1,0
2023-05-30,leg,17639,271694,10,0,1,1,True,False,True,8,1,0
2023-05-30,leg,17639,271694,10,0,1,1,True,False,True,9,1,0
2023-05-30,leg,17639,271694,10,0,1,1,True,False,True,10,1,0
2023-05-30,leg,17639,52078,10,0,2,"1,2",True,False,True,1,2,0
2023-05-30,leg,17639,52078,10,0,2,"1,2",True,False,True,2,2,0
2023-05-30,leg,17639,52078,10,0,2,"1,2",True,False,True,3,2,0
2023-05-30,leg,17639,52078,10,0,2,"1,2",True,False,True,4,2,0
2023-05-30,leg,17639,52078,10,0,2,"1,2",True,False,True,5,2,0
2023-05-30,leg,17639,52078,10,0,2,"1,2",True,False,True,6,2,0
2023-05-30,leg,17639,52078,10,0,2,"1,2",True,False,True,7,2,0
2023-05-30,leg,17639,52078,10,0,2,"1,2",True,False,True,8,2,0
2023-05-30,leg,17639,52078,10,0,2,"1,2",True,False,True,9,2,0
2023-05-30,leg,17639,52078,10,0,2,"1,2",True,False,True,10,2,0
2023-05-30,leg,16044,17639,10,0,1,1,True,False,True,1,1,0
2023-05-30,leg,16044,17639,10,0,1,1,True,False,True,2,1,0
2023-05-30,leg,16044,17639,10,0,1,1,True,False,True,3,1,0
2023-05-30,leg,16044,17639,10,0,1,1,True,False,True,4,1,0
2023-05-30,leg,16044,17639,10,0,1,1,True,False,True,5,1,0
2023-05-30,leg,16044,17639,10,0,1,1,True,False,True,6,1,0
2023-05-30,leg,16044,17639,10,0,1,1,True,False,True,7,1,0
2023-05-30,leg,16044,17639,10,0,1,1,True,False,True,8,1,0
2023-05-30,leg,16044,17639,10,0,1,1,True,False,True,9,1,0
2023-05-30,leg,16044,17639,10,0,1,1,True,False,True,10,1,0
2023-05-30,leg,17639,206811,10,0,1,1,True,False,True,1,1,0
2023-05-30,leg,17639,206811,10,0,1,1,True,False,True,2,1,0
2023-05-30,leg,17639,206811,10,0,1,1,True,False,True,3,1,0
2023-05-30,leg,17639,206811,10,0,1,1,True,False,True,4,1,0
2023-05-30,leg,17639,206811,10,0,1,1,True,False,True,5,1,0
2023-05-30,leg,17639,206811,10,0,1,1,True,False,True,6,1,0
2023-05-30,leg,17639,206811,10,0,1,1,True,False,True,7,1,0
2023-05-30,leg,17639,206811,10,0,1,1,True,False,True,8,1,0
2023-05-30,leg,17639,206811,10,0,1,1,True,False,True,9,1,0
2023-05-30,leg,17639,206811,10,0,1,1,True,False,True,10,1,0
2023-05-30,leg,12401,17639,10,0,1,1,True,False,True,1,1,0
2023-05-30,leg,12401,17639,10,0,1,1,True,False,True,2,1,0
2023-05-30,leg,12401,17639,10,0,1,1,True,False,True,3,1,0
2023-05-30,leg,12401,17639,10,0,1,1,True,False,True,4,1,0
2023-05-30,leg,12401,17639,10,0,1,1,True,False,True,5,1,0
2023-05-30,leg,12401,17639,10,0,1,1,True,False,True,6,1,0
2023-05-30,leg,12401,17639,10,0,1,1,True,False,True,7,1,0
2023-05-30,leg,12401,17639,10,0,1,1,True,False,True,8,1,0
2023-05-30,leg,12401,17639,10,0,1,1,True,False,True,9,1,0
2023-05-30,leg,12401,17639,10,0,1,1,True,False,True,10,1,0
2023-05-30,leg,293,62713,10,0,1,1,True,False,True,1,1,0
2023-05-30,leg,293,62713,10,0,1,1,True,False,True,2,1,0
2023-05-30,leg,293,62713,10,0,1,1,True,False,True,3,1,0
2023-05-30,leg,293,62713,10,0,1,1,True,False,True,4,1,0
2023-05-30,leg,293,62713,10,0,1,1,True,False,True,5,1,0
2023-05-30,leg,293,62713,10,0,1,1,True,False,True,6,1,0
2023-05-30,leg,293,62713,10,0,1,1,True,False,True,7,1,0
2023-05-30,leg,293,62713,10,0,1,1,True,False,True,8,1,0
2023-05-30,leg,293,62713,10,0,1,1,True,False,True,9,1,0
2023-05-30,leg,293,62713,10,0,1,1,True,False,True,10,1,0
2023-05-30,leg,12788,17639,10,0,1,1,True,False,True,1,1,0
2023-05-30,leg,12788,17639,10,0,1,1,True,False,True,2,1,0
2023-05-30,leg,12788,17639,10,0,1,1,True,False,True,3,1,0
2023-05-30,leg,12788,17639,10,0,1,1,True,False,True,4,1,0
2023-05-30,leg,12788,17639,10,0,1,1,True,False,True,5,1,0
2023-05-30,leg,12788,17639,10,0,1,1,True,False,True,6,1,0
2023-05-30,leg,12788,17639,10,0,1,1,True,False,True,7,1,0
2023-05-30,leg,12788,17639,10,0,1,1,True,False,True,8,1,0
2023-05-30,leg,12788,17639,10,0,1,1,True,False,True,9,1,0
2023-05-30,leg,12788,17639,10,0,1,1,True,False,True,10,1,0
2023-05-30,leg,37468,271701,10,0,1,2,True,False,False,1,1,0
2023-05-30,leg,37468,271701,10,0,1,2,True,False,False,2,1,0
2023-05-30,leg,37468,271701,10,0,1,2,True,False,False,3,1,0
2023-05-30,leg,37468,271701,10,0,1,2,True,False,False,4,1,0
2023-05-30,leg,37468,271701,10,0,1,2,True,False,False,5,1,0
2023-05-30,leg,37468,271701,10,0,1,2,True,False,False,6,1,0
2023-05-30,leg,37468,271701,10,0,1,2,True,False,False,7,1,0
2023-05-30,leg,37468,271701,10,0,1,2,True,False,False,8,1,0
2023-05-30,leg,37468,271701,10,0,1,2,True,False,False,9,1,0
2023-05-30,leg,37468,271701,10,0,1,2,True,False,False,10,1,0
2023-05-30,leg,17639,198036,10,0,1,1,True,False,True,1,1,0
2023-05-30,leg,17639,198036,10,0,1,1,True,False,True,2,1,0
2023-05-30,leg,17639,198036,10,0,1,1,True,False,True,3,1,0
2023-05-30,leg,17639,198036,10,0,1,1,True,False,True,4,1,0
2023-05-30,leg,17639,198036,10,0,1,1,True,False,True,5,1,0
2023-05-30,leg,17639,198036,10,0,1,1,True,False,True,6,1,0
2023-05-30,leg,17639,198036,10,0,1,1,True,False,True,7,1,0
2023-05-30,leg,17639,198036,10,0,1,1,True,False,True,8,1,0
2023-05-30,leg,17639,198036,10,0,1,1,True,False,True,9,1,0
2023-05-30,leg,17639,198036,10,0,1,1,True,False,True,10,1,0
2023-05-30,leg,17639,205620,10,0,1,1,True,False,True,1,1,0
2023-05-30,leg,17639,205620,10,0,1,1,True,False,True,2,1,0
2023-05-30,leg,17639,205620,10,0,1,1,True,False,True,3,1,0
2023-05-30,leg,17639,205620,10,0,1,1,True,False,True,4,1,0
2023-05-30,leg,17639,205620,10,0,1,1,True,False,True,5,1,0
2023-05-30,leg,17639,205620,10,0,1,1,True,False,True,6,1,0
2023-05-30,leg,17639,205620,10,0,1,1,True,False,True,7,1,0
2023-05-30,leg,17639,205620,10,0,1,1,True,False,True,8,1,0
2023-05-30,leg,17639,205620,10,0,1,1,True,False,True,9,1,0
2023-05-30,leg,17639,205620,10,0,1,1,True,False,True,10,1,0
2023-05-30,leg,17639,207606,10,0,1,1,True,False,True,1,1,0
2023-05-30,leg,17639,207606,10,0,1,1,True,False,True,2,1,0
2023-05-30,leg,17639,207606,10,0,1,1,True,False,True,3,1,0
2023-05-30,leg,17639,207606,10,0,1,1,True,False,True,4,1,0
2023-05-30,leg,17639,207606,10,0,1,1,True,False,True,5,1,0
2023-05-30,leg,17639,207606,10,0,1,1,True,False,True,6,1,0
2023-05-30,leg,17639,207606,10,0,1,1,True,False,True,7,1,0
2023-05-30,leg,17639,207606,10,0,1,1,True,False,True,8,1,0
2023-05-30,leg,17639,207606,10,0,1,1,True,False,True,9,1,0
2023-05-30,leg,17639,207606,10,0,1,1,True,False,True,10,1,0
2023-05-30,leg,293,399240,10,0,1,1,True,False,True,1,1,0
2023-05-30,leg,293,399240,10,0,1,1,True,False,True,2,1,0
2023-05-30,leg,293,399240,10,0,1,1,True,False,True,3,1,0
2023-05-30,leg,293,399240,10,0,1,1,True,False,True,4,1,0
2023-05-30,leg,293,399240,10,0,1,1,True,False,True,5,1,0
2023-05-30,leg,293,399240,10,0,1,1,True,False,True,6,1,0
2023-05-30,leg,293,399240,10,0,1,1,True,False,True,7,1,0
2023-05-30,leg,293,399240,10,0,1,1,True,False,True,8,1,0
2023-05-30,leg,293,399240,10,0,1,1,True,False,True,9,1,0
2023-05-30,leg,293,399240,10,0,1,1,True,False,True,10,1,0
2023-05-30,leg,9049,57277,10,0,15,3,True,False,False,1,15,0
2023-05-30,leg,9049,57277,10,0,15,3,True,False,False,2,15,0
2023-05-30,leg,9049,57277,10,0,15,3,True,False,False,3,15,0
2023-05-30,leg,9049,57277,10,0,15,3,True,False,False,4,15,0
2023-05-30,leg,9049,57277,10,0,15,3,True,False,False,5,15,0
2023-05-30,leg,9049,57277,10,0,15,3,True,False,False,6,15,0
2023-05-30,leg,9049,57277,10,0,15,3,True,False,False,7,15,0
2023-05-30,leg,9049,57277,10,0,15,3,True,False,False,8,15,0
2023-05-30,leg,9049,57277,10,0,15,3,True,False,False,9,15,0
2023-05-30,leg,9049,57277,10,0,15,3,True,False,False,10,15,0
2023-05-30,leg,17639,47252,10,0,1,1,True,False,True,1,1,0
2023-05-30,leg,17639,47252,10,0,1,1,True,False,True,2,1,0
2023-05-30,leg,17639,47252,10,0,1,1,True,False,True,3,1,0
2023-05-30,leg,17639,47252,10,0,1,1,True,False,True,4,1,0
2023-05-30,leg,17639,47252,10,0,1,1,True,False,True,5,1,0
2023-05-30,leg,17639,47252,10,0,1,1,True,False,True,6,1,0
2023-05-30,leg,17639,47252,10,0,1,1,True,False,True,7,1,0
2023-05-30,leg,17639,47252,10,0,1,1,True,False,True,8,1,0
2023-05-30,leg,17639,47252,10,0,1,1,True,False,True,9,1,0
2023-05-30,leg,17639,47252,10,0,1,1,True,False,True,10,1,0
2023-05-30,leg,17639,45037,10,0,1,1,True,False,True,1,1,0
2023-05-30,leg,17639,45037,10,0,1,1,True,False,True,2,1,0
2023-05-30,leg,17639,45037,10,0,1,1,True,False,True,3,1,0
2023-05-30,leg,17639,45037,10,0,1,1,True,False,True,4,1,0
2023-05-30,leg,17639,45037,10,0,1,1,True,False,True,5,1,0
2023-05-30,leg,17639,45037,10,0,1,1,True,False,True,6,1,0
2023-05-30,leg,17639,45037,10,0,1,1,True,False,True,7,1,0
2023-05-30,leg,17639,45037,10,0,1,1,True,False,True,8,1,0
2023-05-30,leg,17639,45037,10,0,1,1,True,False,True,9,1,0
2023-05-30,leg,17639,45037,10,0,1,1,True,False,True,10,1,0
2023-05-30,leg,17639,44628,10,0,1,2,True,False,True,1,1,0
2023-05-30,leg,17639,44628,10,0,1,2,True,False,True,2,1,0
2023-05-30,leg,17639,44628,10,0,1,2,True,False,True,3,1,0
2023-05-30,leg,17639,44628,10,0,1,2,True,False,True,4,1,0
2023-05-30,leg,17639,44628,10,0,1,2,True,False,True,5,1,0
2023-05-30,leg,17639,44628,10,0,1,2,True,False,True,6,1,0
2023-05-30,leg,17639,44628,10,0,1,2,True,False,True,7,1,0
2023-05-30,leg,17639,44628,10,0,1,2,True,False,True,8,1,0
2023-05-30,leg,17639,44628,10,0,1,2,True,False,True,9,1,0
2023-05-30,leg,17639,44628,10,0,1,2,True,False,True,10,1,0
2023-05-30,leg,17639,28907,10,0,1,1,True,False,True,1,1,0
2023-05-30,leg,17639,28907,10,0,1,1,True,False,True,2,1,0
2023-05-30,leg,17639,28907,10,0,1,1,True,False,True,3,1,0
2023-05-30,leg,17639,28907,10,0,1,1,True,False,True,4,1,0
2023-05-30,leg,17639,28907,10,0,1,1,True,False,True,5,1,0
2023-05-30,leg,17639,28907,10,0,1,1,True,False,True,6,1,0
2023-05-30,leg,17639,28907,10,0,1,1,True,False,True,7,1,0
2023-05-30,leg,17639,28907,10,0,1,1,True,False,True,8,1,0
2023-05-30,leg,17639,28907,10,0,1,1,True,False,True,9,1,0
2023-05-30,leg,17639,28907,10,0,1,1,True,False,True,10,1,0
2023-05-30,leg,38320,139972,10,0,361,1,True,False,False,1,361,0
2023-05-30,leg,38320,139972,10,0,361,1,True,False,False,2,361,0
2023-05-30,leg,38320,139972,10,0,361,1,True,False,False,3,361,0
2023-05-30,leg,38320,139972,10,0,361,1,True,False,False,4,361,0
2023-05-30,leg,38320,139972,10,0,361,1,True,False,False,5,361,0
2023-05-30,leg,38320,139972,10,0,361,1,True,False,False,6,361,0
2023-05-30,leg,38320,139972,10,0,361,1,True,False,False,7,361,0
2023-05-30,leg,38320,139972,10,0,361,1,True,False,False,8,361,0
2023-05-30,leg,38320,139972,10,0,361,1,True,False,False,9,361,0
2023-05-30,leg,38320,139972,10,0,361,1,True,False,False,10,361,0
2023-05-30,leg,17639,62011,10,0,1,1,True,False,True,1,1,0
2023-05-30,leg,17639,62011,10,0,1,1,True,False,True,2,1,0
2023-05-30,leg,17639,62011,10,0,1,1,True,False,True,3,1,0
2023-05-30,leg,17639,62011,10,0,1,1,True,False,True,4,1,0
2023-05-30,leg,17639,62011,10,0,1,1,True,False,True,5,1,0
2023-05-30,leg,17639,62011,10,0,1,1,True,False,True,6,1,0
2023-05-30,leg,17639,62011,10,0,1,1,True,False,True,7,1,0
2023-05-30,leg,17639,62011,10,0,1,1,True,False,True,8,1,0
2023-05-30,leg,17639,62011,10,0,1,1,True,False,True,9,1,0
2023-05-30,leg,17639,62011,10,0,1,1,True,False,True,10,1,0
2023-05-30,leg,6681,17639,10,0,1,1,True,False,True,1,1,0
2023-05-30,leg,6681,17639,10,0,1,1,True,False,True,2,1,0
2023-05-30,leg,6681,17639,10,0,1,1,True,False,True,3,1,0
2023-05-30,leg,6681,17639,10,0,1,1,True,False,True,4,1,0
2023-05-30,leg,6681,17639,10,0,1,1,True,False,True,5,1,0
2023-05-30,leg,6681,17639,10,0,1,1,True,False,True,6,1,0
2023-05-30,leg,6681,17639,10,0,1,1,True,False,True,7,1,0
2023-05-30,leg,6681,17639,10,0,1,1,True,False,True,8,1,0
2023-05-30,leg,6681,17639,10,0,1,1,True,False,True,9,1,0
2023-05-30,leg,6681,17639,10,0,1,1,True,False,True,10,1,0
2023-05-30,leg,42000,59959,10,0,130,3,True,False,False,1,130,0
2023-05-30,leg,42000,59959,10,0,130,3,True,False,False,2,130,0
2023-05-30,leg,42000,59959,10,0,130,3,True,False,False,3,130,0
2023-05-30,leg,42000,59959,10,0,130,3,True,False,False,4,130,0
2023-05-30,leg,42000,59959,10,0,130,3,True,False,False,5,130,0
2023-05-30,leg,42000,59959,10,0,130,3,True,False,False,6,130,0
2023-05-30,leg,42000,59959,10,0,130,3,True,False,False,7,130,0
2023-05-30,leg,42000,59959,10,0,130,3,True,False,False,8,130,0
2023-05-30,leg,42000,59959,10,0,130,3,True,False,False,9,130,0
2023-05-30,leg,42000,59959,10,0,130,3,True,False,False,10,130,0
2023-05-30,leg,17639,200794,10,0,1,1,True,False,True,1,1,0
2023-05-30,leg,17639,200794,10,0,1,1,True,False,True,2,1,0
2023-05-30,leg,17639,200794,10,0,1,1,True,False,True,3,1,0
2023-05-30,leg,17639,200794,10,0,1,1,True,False,True,4,1,0
2023-05-30,leg,17639,200794,10,0,1,1,True,False,True,5,1,0
2023-05-30,leg,17639,200794,10,0,1,1,True,False,True,6,1,0
2023-05-30,leg,17639,200794,10,0,1,1,True,False,True,7,1,0
2023-05-30,leg,17639,200794,10,0,1,1,True,False,True,8,1,0
2023-05-30,leg,17639,200794,10,0,1,1,True,False,True,9,1,0
2023-05-30,leg,17639,200794,10,0,1,1,True,False,True,10,1,0
2023-05-30,leg,17639,197267,10,0,1,1,True,False,True,1,1,0
2023-05-30,leg,17639,197267,10,0,1,1,True,False,True,2,1,0
2023-05-30,leg,17639,197267,10,0,1,1,True,False,True,3,1,0
2023-05-30,leg,17639,197267,10,0,1,1,True,False,True,4,1,0
2023-05-30,leg,17639,197267,10,0,1,1,True,False,True,5,1,0
2023-05-30,leg,17639,197267,10,0,1,1,True,False,True,6,1,0
2023-05-30,leg,17639,197267,10,0,1,1,True,False,True,7,1,0
2023-05-30,leg,17639,197267,10,0,1,1,True,False,True,8,1,0
2023-05-30,leg,17639,197267,10,0,1,1,True,False,True,9,1,0
2023-05-30,leg,17639,197267,10,0,1,1,True,False,True,10,1,0
2023-05-30,leg,271072,271429,10,0,225,1,True,False,False,1,122,103
2023-05-30,leg,271072,271429,10,0,225,1,True,False,False,2,182,43
2023-05-30,leg,271072,271429,10,0,225,1,True,False,False,3,187,38
2023-05-30,leg,271072,271429,10,0,225,1,True,False,False,4,211,14
2023-05-30,leg,271072,271429,10,0,225,1,True,False,False,5,216,9
2023-05-30,leg,271072,271429,10,0,225,1,True,False,False,6,217,8
2023-05-30,leg,271072,271429,10,0,225,1,True,False,False,7,163,62
2023-05-30,leg,271072,271429,10,0,225,1,True,False,False,8,207,18
2023-05-30,leg,271072,271429,10,0,225,1,True,False,False,9,195,30
2023-05-30,leg,271072,271429,10,0,225,1,True,False,False,10,192,33
2023-05-30,leg,17639,49709,10,0,2,"1,2",True,False,True,1,2,0
2023-05-30,leg,17639,49709,10,0,2,"1,2",True,False,True,2,2,0
2023-05-30,leg,17639,49709,10,0,2,"1,2",True,False,True,3,2,0
2023-05-30,leg,17639,49709,10,0,2,"1,2",True,False,True,4,2,0
2023-05-30,leg,17639,49709,10,0,2,"1,2",True,False,True,5,2,0
2023-05-30,leg,17639,49709,10,0,2,"1,2",True,False,True,6,2,0
2023-05-30,leg,17639,49709,10,0,2,"1,2",True,False,True,7,2,0
2023-05-30,leg,17639,49709,10,0,2,"1,2",True,False,True,8,2,0
2023-05-30,leg,17639,49709,10,0,2,"1,2",True,False,True,9,2,0
2023-05-30,leg,17639,49709,10,0,2,"1,2",True,False,True,10,2,0
2023-05-30,leg,17639,43293,10,0,1,1,True,False,True,1,1,0
2023-05-30,leg,17639,43293,10,0,1,1,True,False,True,2,1,0
2023-05-30,leg,17639,43293,10,0,1,1,True,False,True,3,1,0
2023-05-30,leg,17639,43293,10,0,1,1,True,False,True,4,1,0
2023-05-30,leg,17639,43293,10,0,1,1,True,False,True,5,1,0
2023-05-30,leg,17639,43293,10,0,1,1,True,False,True,6,1,0
2023-05-30,leg,17639,43293,10,0,1,1,True,False,True,7,1,0
2023-05-30,leg,17639,43293,10,0,1,1,True,False,True,8,1,0
2023-05-30,leg,17639,43293,10,0,1,1,True,False,True,9,1,0
2023-05-30,leg,17639,43293,10,0,1,1,True,False,True,10,1,0
2023-05-30,leg,11280,17639,10,0,3,"1,2",True,False,True,1,3,0
2023-05-30,leg,11280,17639,10,0,3,"1,2",True,False,True,2,3,0
2023-05-30,leg,11280,17639,10,0,3,"1,2",True,False,True,3,3,0
2023-05-30,leg,11280,17639,10,0,3,"1,2",True,False,True,4,3,0
2023-05-30,leg,11280,17639,10,0,3,"1,2",True,False,True,5,3,0
2023-05-30,leg,11280,17639,10,0,3,"1,2",True,False,True,6,3,0
2023-05-30,leg,11280,17639,10,0,3,"1,2",True,False,True,7,3,0
2023-05-30,leg,11280,17639,10,0,3,"1,2",True,False,True,8,3,0
2023-05-30,leg,11280,17639,10,0,3,"1,2",True,False,True,9,3,0
2023-05-30,leg,11280,17639,10,0,3,"1,2",True,False,True,10,3,0
2023-05-30,leg,2593,17639,10,0,1,1,True,False,True,1,1,0
2023-05-30,leg,2593,17639,10,0,1,1,True,False,True,2,1,0
2023-05-30,leg,2593,17639,10,0,1,1,True,False,True,3,1,0
2023-05-30,leg,2593,17639,10,0,1,1,True,False,True,4,1,0
2023-05-30,leg,2593,17639,10,0,1,1,True,False,True,5,1,0
2023-05-30,leg,2593,17639,10,0,1,1,True,False,True,6,1,0
2023-05-30,leg,2593,17639,10,0,1,1,True,False,True,7,1,0
2023-05-30,leg,2593,17639,10,0,1,1,True,False,True,8,1,0
2023-05-30,leg,2593,17639,10,0,1,1,True,False,True,9,1,0
2023-05-30,leg,2593,17639,10,0,1,1,True,False,True,10,1,0
2023-05-30,leg,20473,151349,10,0,538,"1,3,4,5",False,True,False,1,537,1
2023-05-30,leg,20473,151349,10,0,538,"1,3,4,5",False,True,False,2,537,1
2023-05-30,leg,20473,151349,10,0,538,"1,3,4,5",False,True,False,3,538,0
2023-05-30,leg,20473,151349,10,0,538,"1,3,4,5",False,True,False,4,538,0
2023-05-30,leg,20473,151349,10,0,538,"1,3,4,5",False,True,False,5,538,0
2023-05-30,leg,20473,151349,10,0,538,"1,3,4,5",False,True,False,6,538,0
2023-05-30,leg,20473,151349,10,0,538,"1,3,4,5",False,True,False,7,538,0
2023-05-30,leg,20473,151349,10,0,538,"1,3,4,5",False,True,False,8,538,0
2023-05-30,leg,20473,151349,10,0,538,"1,3,4,5",False,True,False,9,538,0
2023-05-30,leg,20473,151349,10,0,538,"1,3,4,5",False,True,False,10,538,0
2023-05-30,leg,17639,58196,10,0,1,1,True,False,True,1,1,0
2023-05-30,leg,17639,58196,10,0,1,1,True,False,True,2,1,0
2023-05-30,leg,17639,58196,10,0,1,1,True,False,True,3,1,0
2023-05-30,leg,17639,58196,10,0,1,1,True,False,True,4,1,0
2023-05-30,leg,17639,58196,10,0,1,1,True,False,True,5,1,0
2023-05-30,leg,17639,58196,10,0,1,1,True,False,True,6,1,0
2023-05-30,leg,17639,58196,10,0,1,1,True,False,True,7,1,0
2023-05-30,leg,17639,58196,10,0,1,1,True,False,True,8,1,0
2023-05-30,leg,17639,58196,10,0,1,1,True,False,True,9,1,0
2023-05-30,leg,17639,58196,10,0,1,1,True,False,True,10,1,0
2023-05-30,leg,17639,25393,10,0,1,2,True,False,True,1,1,0
2023-05-30,leg,17639,25393,10,0,1,2,True,False,True,2,1,0
2023-05-30,leg,17639,25393,10,0,1,2,True,False,True,3,1,0
2023-05-30,leg,17639,25393,10,0,1,2,True,False,True,4,1,0
2023-05-30,leg,17639,25393,10,0,1,2,True,False,True,5,1,0
2023-05-30,leg,17639,25393,10,0,1,2,True,False,True,6,1,0
2023-05-30,leg,17639,25393,10,0,1,2,True,False,True,7,1,0
2023-05-30,leg,17639,25393,10,0,1,2,True,False,True,8,1,0
2023-05-30,leg,17639,25393,10,0,1,2,True,False,True,9,1,0
2023-05-30,leg,17639,25393,10,0,1,2,True,False,True,10,1,0
2023-05-30,leg,17639,209137,10,0,1,1,True,False,True,1,1,0
2023-05-30,leg,17639,209137,10,0,1,1,True,False,True,2,1,0
2023-05-30,leg,17639,209137,10,0,1,1,True,False,True,3,1,0
2023-05-30,leg,17639,209137,10,0,1,1,True,False,True,4,1,0
2023-05-30,leg,17639,209137,10,0,1,1,True,False,True,5,1,0
2023-05-30,leg,17639,209137,10,0,1,1,True,False,True,6,1,0
2023-05-30,leg,17639,209137,10,0,1,1,True,False,True,7,1,0
2023-05-30,leg,17639,209137,10,0,1,1,True,False,True,8,1,0
2023-05-30,leg,17639,209137,10,0,1,1,True,False,True,9,1,0
2023-05-30,leg,17639,209137,10,0,1,1,True,False,True,10,1,0
2023-05-30,leg,1031,266160,10,0,452,"1,2",False,False,False,1,397,55
2023-05-30,leg,1031,266160,10,0,452,"1,2",False,False,False,2,400,52
2023-05-30,leg,1031,266160,10,0,452,"1,2",False,False,False,3,411,41
2023-05-30,leg,1031,266160,10,0,452,"1,2",False,False,False,4,413,39
2023-05-30,leg,1031,266160,10,0,452,"1,2",False,False,False,5,419,33
2023-05-30,leg,1031,266160,10,0,452,"1,2",False,False,False,6,419,33
2023-05-30,leg,1031,266160,10,0,452,"1,2",False,False,False,7,438,14
2023-05-30,leg,1031,266160,10,0,452,"1,2",False,False,False,8,441,11
2023-05-30,leg,1031,266160,10,0,452,"1,2",False,False,False,9,436,16
2023-05-30,leg,1031,266160,10,0,452,"1,2",False,False,False,10,446,6
2023-05-30,leg,17639,268134,10,0,1,1,True,False,True,1,1,0
2023-05-30,leg,17639,268134,10,0,1,1,True,False,True,2,1,0
2023-05-30,leg,17639,268134,10,0,1,1,True,False,True,3,1,0
2023-05-30,leg,17639,268134,10,0,1,1,True,False,True,4,1,0
2023-05-30,leg,17639,268134,10,0,1,1,True,False,True,5,1,0
2023-05-30,leg,17639,268134,10,0,1,1,True,False,True,6,1,0
2023-05-30,leg,17639,268134,10,0,1,1,True,False,True,7,1,0
2023-05-30,leg,17639,268134,10,0,1,1,True,False,True,8,1,0
2023-05-30,leg,17639,268134,10,0,1,1,True,False,True,9,1,0
2023-05-30,leg,17639,268134,10,0,1,1,True,False,True,10,1,0
2023-05-30,leg,34665,57277,10,0,2,1,True,False,False,1,2,0
2023-05-30,leg,34665,57277,10,0,2,1,True,False,False,2,2,0
2023-05-30,leg,34665,57277,10,0,2,1,True,False,False,3,2,0
2023-05-30,leg,34665,57277,10,0,2,1,True,False,False,4,2,0
2023-05-30,leg,34665,57277,10,0,2,1,True,False,False,5,2,0
2023-05-30,leg,34665,57277,10,0,2,1,True,False,False,6,2,0
2023-05-30,leg,34665,57277,10,0,2,1,True,False,False,7,2,0
2023-05-30,leg,34665,57277,10,0,2,1,True,False,False,8,2,0
2023-05-30,leg,34665,57277,10,0,2,1,True,False,False,9,2,0
2023-05-30,leg,34665,57277,10,0,2,1,True,False,False,10,2,0
2023-05-30,leg,270536,273683,10,0,86,1,True,False,False,1,86,0
2023-05-30,leg,270536,273683,10,0,86,1,True,False,False,2,86,0
2023-05-30,leg,270536,273683,10,0,86,1,True,False,False,3,86,0
2023-05-30,leg,270536,273683,10,0,86,1,True,False,False,4,86,0
2023-05-30,leg,270536,273683,10,0,86,1,True,False,False,5,86,0
2023-05-30,leg,270536,273683,10,0,86,1,True,False,False,6,86,0
2023-05-30,leg,270536,273683,10,0,86,1,True,False,False,7,86,0
2023-05-30,leg,270536,273683,10,0,86,1,True,False,False,8,86,0
2023-05-30,leg,270536,273683,10,0,86,1,True,False,False,9,86,0
2023-05-30,leg,270536,273683,10,0,86,1,True,False,False,10,86,0
2023-05-30,leg,17639,198356,10,0,1,1,True,False,True,1,1,0
2023-05-30,leg,17639,198356,10,0,1,1,True,False,True,2,1,0
2023-05-30,leg,17639,198356,10,0,1,1,True,False,True,3,1,0
2023-05-30,leg,17639,198356,10,0,1,1,True,False,True,4,1,0
2023-05-30,leg,17639,198356,10,0,1,1,True,False,True,5,1,0
2023-05-30,leg,17639,198356,10,0,1,1,True,False,True,6,1,0
2023-05-30,leg,17639,198356,10,0,1,1,True,False,True,7,1,0
2023-05-30,leg,17639,198356,10,0,1,1,True,False,True,8,1,0
2023-05-30,leg,17639,198356,10,0,1,1,True,False,True,9,1,0
2023-05-30,leg,17639,198356,10,0,1,1,True,False,True,10,1,0
2023-05-30,leg,293,4213,10,0,2,"1,2",True,False,True,1,2,0
2023-05-30,leg,293,4213,10,0,2,"1,2",True,False,True,2,2,0
2023-05-30,leg,293,4213,10,0,2,"1,2",True,False,True,3,2,0
2023-05-30,leg,293,4213,10,0,2,"1,2",True,False,True,4,2,0
2023-05-30,leg,293,4213,10,0,2,"1,2",True,False,True,5,2,0
2023-05-30,leg,293,4213,10,0,2,"1,2",True,False,True,6,2,0
2023-05-30,leg,293,4213,10,0,2,"1,2",True,False,True,7,2,0
2023-05-30,leg,293,4213,10,0,2,"1,2",True,False,True,8,2,0
2023-05-30,leg,293,4213,10,0,2,"1,2",True,False,True,9,2,0
2023-05-30,leg,293,4213,10,0,2,"1,2",True,False,True,10,2,0
2023-05-30,leg,24482,266143,10,0,1,2,True,False,False,1,1,0
2023-05-30,leg,24482,266143,10,0,1,2,True,False,False,2,1,0
2023-05-30,leg,24482,266143,10,0,1,2,True,False,False,3,1,0
2023-05-30,leg,24482,266143,10,0,1,2,True,False,False,4,1,0
2023-05-30,leg,24482,266143,10,0,1,2,True,False,False,5,1,0
2023-05-30,leg,24482,266143,10,0,1,2,True,False,False,6,1,0
2023-05-30,leg,24482,266143,10,0,1,2,True,False,False,7,1,0
2023-05-30,leg,24482,266143,10,0,1,2,True,False,False,8,1,0
2023-05-30,leg,24482,266143,10,0,1,2,True,False,False,9,1,0
2023-05-30,leg,24482,266143,10,0,1,2,True,False,False,10,1,0
2023-05-30,leg,16290,17639,10,0,1,1,True,False,True,1,1,0
2023-05-30,leg,16290,17639,10,0,1,1,True,False,True,2,1,0
2023-05-30,leg,16290,17639,10,0,1,1,True,False,True,3,1,0
2023-05-30,leg,16290,17639,10,0,1,1,True,False,True,4,1,0
2023-05-30,leg,16290,17639,10,0,1,1,True,False,True,5,1,0
2023-05-30,leg,16290,17639,10,0,1,1,True,False,True,6,1,0
2023-05-30,leg,16290,17639,10,0,1,1,True,False,True,7,1,0
2023-05-30,leg,16290,17639,10,0,1,1,True,False,True,8,1,0
2023-05-30,leg,16290,17639,10,0,1,1,True,False,True,9,1,0
2023-05-30,leg,16290,17639,10,0,1,1,True,False,True,10,1,0
2023-05-30,leg,17639,200254,10,0,1,1,True,False,True,1,1,0
2023-05-30,leg,17639,200254,10,0,1,1,True,False,True,2,1,0
2023-05-30,leg,17639,200254,10,0,1,1,True,False,True,3,1,0
2023-05-30,leg,17639,200254,10,0,1,1,True,False,True,4,1,0
2023-05-30,leg,17639,200254,10,0,1,1,True,False,True,5,1,0
2023-05-30,leg,17639,200254,10,0,1,1,True,False,True,6,1,0
2023-05-30,leg,17639,200254,10,0,1,1,True,False,True,7,1,0
2023-05-30,leg,17639,200254,10,0,1,1,True,False,True,8,1,0
2023-05-30,leg,17639,200254,10,0,1,1,True,False,True,9,1,0
2023-05-30,leg,17639,200254,10,0,1,1,True,False,True,10,1,0
2023-05-30,leg,17639,204949,10,0,1,1,True,False,True,1,1,0
2023-05-30,leg,17639,204949,10,0,1,1,True,False,True,2,1,0
2023-05-30,leg,17639,204949,10,0,1,1,True,False,True,3,1,0
2023-05-30,leg,17639,204949,10,0,1,1,True,False,True,4,1,0
2023-05-30,leg,17639,204949,10,0,1,1,True,False,True,5,1,0
2023-05-30,leg,17639,204949,10,0,1,1,True,False,True,6,1,0
2023-05-30,leg,17639,204949,10,0,1,1,True,False,True,7,1,0
2023-05-30,leg,17639,204949,10,0,1,1,True,False,True,8,1,0
2023-05-30,leg,17639,204949,10,0,1,1,True,False,True,9,1,0
2023-05-30,leg,17639,204949,10,0,1,1,True,False,True,10,1,0
2023-05-30,leg,27965,52468,10,0,39,1,True,False,False,1,39,0
2023-05-30,leg,27965,52468,10,0,39,1,True,False,False,2,38,1
2023-05-30,leg,27965,52468,10,0,39,1,True,False,False,3,39,0
2023-05-30,leg,27965,52468,10,0,39,1,True,False,False,4,39,0
2023-05-30,leg,27965,52468,10,0,39,1,True,False,False,5,39,0
2023-05-30,leg,27965,52468,10,0,39,1,True,False,False,6,39,0
2023-05-30,leg,27965,52468,10,0,39,1,True,False,False,7,39,0
2023-05-30,leg,27965,52468,10,0,39,1,True,False,False,8,39,0
2023-05-30,leg,27965,52468,10,0,39,1,True,False,False,9,39,0
2023-05-30,leg,27965,52468,10,0,39,1,True,False,False,10,39,0
2023-05-30,leg,17639,51155,10,0,5,"1,2",True,False,True,1,5,0
2023-05-30,leg,17639,51155,10,0,5,"1,2",True,False,True,2,5,0
2023-05-30,leg,17639,51155,10,0,5,"1,2",True,False,True,3,5,0
2023-05-30,leg,17639,51155,10,0,5,"1,2",True,False,True,4,5,0
2023-05-30,leg,17639,51155,10,0,5,"1,2",True,False,True,5,5,0
2023-05-30,leg,17639,51155,10,0,5,"1,2",True,False,True,6,5,0
2023-05-30,leg,17639,51155,10,0,5,"1,2",True,False,True,7,5,0
2023-05-30,leg,17639,51155,10,0,5,"1,2",True,False,True,8,5,0
2023-05-30,leg,17639,51155,10,0,5,"1,2",True,False,True,9,5,0
2023-05-30,leg,17639,51155,10,0,5,"1,2",True,False,True,10,5,0
2023-05-30,leg,17639,25082,10,0,2,"1,2",True,False,True,1,2,0
2023-05-30,leg,17639,25082,10,0,2,"1,2",True,False,True,2,2,0
2023-05-30,leg,17639,25082,10,0,2,"1,2",True,False,True,3,2,0
2023-05-30,leg,17639,25082,10,0,2,"1,2",True,False,True,4,2,0
2023-05-30,leg,17639,25082,10,0,2,"1,2",True,False,True,5,2,0
2023-05-30,leg,17639,25082,10,0,2,"1,2",True,False,True,6,2,0
2023-05-30,leg,17639,25082,10,0,2,"1,2",True,False,True,7,2,0
2023-05-30,leg,17639,25082,10,0,2,"1,2",True,False,True,8,2,0
2023-05-30,leg,17639,25082,10,0,2,"1,2",True,False,True,9,2,0
2023-05-30,leg,17639,25082,10,0,2,"1,2",True,False,True,10,2,0
2023-05-30,leg,62240,203851,10,0,1,2,True,False,False,1,1,0
2023-05-30,leg,62240,203851,10,0,1,2,True,False,False,2,1,0
2023-05-30,leg,62240,203851,10,0,1,2,True,False,False,3,1,0
2023-05-30,leg,62240,203851,10,0,1,2,True,False,False,4,1,0
2023-05-30,leg,62240,203851,10,0,1,2,True,False,False,5,1,0
2023-05-30,leg,62240,203851,10,0,1,2,True,False,False,6,1,0
2023-05-30,leg,62240,203851,10,0,1,2,True,False,False,7,1,0
2023-05-30,leg,62240,203851,10,0,1,2,True,False,False,8,1,0
2023-05-30,leg,62240,203851,10,0,1,2,True,False,False,9,1,0
2023-05-30,leg,62240,203851,10,0,1,2,True,False,False,10,1,0
2023-05-30,leg,17639,213063,10,0,1,1,True,False,True,1,1,0
2023-05-30,leg,17639,213063,10,0,1,1,True,False,True,2,1,0
2023-05-30,leg,17639,213063,10,0,1,1,True,False,True,3,1,0
2023-05-30,leg,17639,213063,10,0,1,1,True,False,True,4,1,0
2023-05-30,leg,17639,213063,10,0,1,1,True,False,True,5,1,0
2023-05-30,leg,17639,213063,10,0,1,1,True,False,True,6,1,0
2023-05-30,leg,17639,213063,10,0,1,1,True,False,True,7,1,0
2023-05-30,leg,17639,213063,10,0,1,1,True,False,True,8,1,0
2023-05-30,leg,17639,213063,10,0,1,1,True,False,True,9,1,0
2023-05-30,leg,17639,213063,10,0,1,1,True,False,True,10,1,0
2023-05-30,leg,17639,60401,10,0,1,1,True,False,True,1,1,0
2023-05-30,leg,17639,60401,10,0,1,1,True,False,True,2,1,0
2023-05-30,leg,17639,60401,10,0,1,1,True,False,True,3,1,0
2023-05-30,leg,17639,60401,10,0,1,1,True,False,True,4,1,0
2023-05-30,leg,17639,60401,10,0,1,1,True,False,True,5,1,0
2023-05-30,leg,17639,60401,10,0,1,1,True,False,True,6,1,0
2023-05-30,leg,17639,60401,10,0,1,1,True,False,True,7,1,0
2023-05-30,leg,17639,60401,10,0,1,1,True,False,True,8,1,0
2023-05-30,leg,17639,60401,10,0,1,1,True,False,True,9,1,0
2023-05-30,leg,17639,60401,10,0,1,1,True,False,True,10,1,0
2023-05-30,leg,12540,17639,10,0,1,1,True,False,True,1,1,0
2023-05-30,leg,12540,17639,10,0,1,1,True,False,True,2,1,0
2023-05-30,leg,12540,17639,10,0,1,1,True,False,True,3,1,0
2023-05-30,leg,12540,17639,10,0,1,1,True,False,True,4,1,0
2023-05-30,leg,12540,17639,10,0,1,1,True,False,True,5,1,0
2023-05-30,leg,12540,17639,10,0,1,1,True,False,True,6,1,0
2023-05-30,leg,12540,17639,10,0,1,1,True,False,True,7,1,0
2023-05-30,leg,12540,17639,10,0,1,1,True,False,True,8,1,0
2023-05-30,leg,12540,17639,10,0,1,1,True,False,True,9,1,0
2023-05-30,leg,12540,17639,10,0,1,1,True,False,True,10,1,0
2023-05-30,leg,24961,262972,10,0,1,3,True,False,False,1,1,0
2023-05-30,leg,24961,262972,10,0,1,3,True,False,False,2,1,0
2023-05-30,leg,24961,262972,10,0,1,3,True,False,False,3,1,0
2023-05-30,leg,24961,262972,10,0,1,3,True,False,False,4,1,0
2023-05-30,leg,24961,262972,10,0,1,3,True,False,False,5,1,0
2023-05-30,leg,24961,262972,10,0,1,3,True,False,False,6,1,0
2023-05-30,leg,24961,262972,10,0,1,3,True,False,False,7,1,0
2023-05-30,leg,24961,262972,10,0,1,3,True,False,False,8,1,0
2023-05-30,leg,24961,262972,10,0,1,3,True,False,False,9,1,0
2023-05-30,leg,24961,262972,10,0,1,3,True,False,False,10,1,0
2023-05-30,leg,13335,32776,10,0,272,1,True,False,False,1,269,3
2023-05-30,leg,13335,32776,10,0,272,1,True,False,False,2,269,3
2023-05-30,leg,13335,32776,10,0,272,1,True,False,False,3,271,1
2023-05-30,leg,13335,32776,10,0,272,1,True,False,False,4,271,1
2023-05-30,leg,13335,32776,10,0,272,1,True,False,False,5,271,1
2023-05-30,leg,13335,32776,10,0,272,1,True,False,False,6,271,1
2023-05-30,leg,13335,32776,10,0,272,1,True,False,False,7,271,1
2023-05-30,leg,13335,32776,10,0,272,1,True,False,False,8,271,1
2023-05-30,leg,13335,32776,10,0,272,1,True,False,False,9,271,1
2023-05-30,leg,13335,32776,10,0,272,1,True,False,False,10,271,1
2023-05-30,leg,17639,62099,10,0,1,1,True,False,True,1,1,0
2023-05-30,leg,17639,62099,10,0,1,1,True,False,True,2,1,0
2023-05-30,leg,17639,62099,10,0,1,1,True,False,True,3,1,0
2023-05-30,leg,17639,62099,10,0,1,1,True,False,True,4,1,0
2023-05-30,leg,17639,62099,10,0,1,1,True,False,True,5,1,0
2023-05-30,leg,17639,62099,10,0,1,1,True,False,True,6,1,0
2023-05-30,leg,17639,62099,10,0,1,1,True,False,True,7,1,0
2023-05-30,leg,17639,62099,10,0,1,1,True,False,True,8,1,0
2023-05-30,leg,17639,62099,10,0,1,1,True,False,True,9,1,0
2023-05-30,leg,17639,62099,10,0,1,1,True,False,True,10,1,0
2023-05-30,leg,15614,17639,10,0,1,1,True,False,True,1,1,0
2023-05-30,leg,15614,17639,10,0,1,1,True,False,True,2,1,0
2023-05-30,leg,15614,17639,10,0,1,1,True,False,True,3,1,0
2023-05-30,leg,15614,17639,10,0,1,1,True,False,True,4,1,0
2023-05-30,leg,15614,17639,10,0,1,1,True,False,True,5,1,0
2023-05-30,leg,15614,17639,10,0,1,1,True,False,True,6,1,0
2023-05-30,leg,15614,17639,10,0,1,1,True,False,True,7,1,0
2023-05-30,leg,15614,17639,10,0,1,1,True,False,True,8,1,0
2023-05-30,leg,15614,17639,10,0,1,1,True,False,True,9,1,0
2023-05-30,leg,15614,17639,10,0,1,1,True,False,True,10,1,0
2023-05-30,leg,45582,151114,10,0,762,1,True,False,False,1,762,0
2023-05-30,leg,45582,151114,10,0,762,1,True,False,False,2,762,0
2023-05-30,leg,45582,151114,10,0,762,1,True,False,False,3,762,0
2023-05-30,leg,45582,151114,10,0,762,1,True,False,False,4,762,0
2023-05-30,leg,45582,151114,10,0,762,1,True,False,False,5,762,0
2023-05-30,leg,45582,151114,10,0,762,1,True,False,False,6,762,0
2023-05-30,leg,45582,151114,10,0,762,1,True,False,False,7,762,0
2023-05-30,leg,45582,151114,10,0,762,1,True,False,False,8,762,0
2023-05-30,leg,45582,151114,10,0,762,1,True,False,False,9,762,0
2023-05-30,leg,45582,151114,10,0,762,1,True,False,False,10,762,0
2023-05-30,leg,29244,31042,10,0,1,3,True,False,False,1,1,0
2023-05-30,leg,29244,31042,10,0,1,3,True,False,False,2,1,0
2023-05-30,leg,29244,31042,10,0,1,3,True,False,False,3,1,0
2023-05-30,leg,29244,31042,10,0,1,3,True,False,False,4,1,0
2023-05-30,leg,29244,31042,10,0,1,3,True,False,False,5,1,0
2023-05-30,leg,29244,31042,10,0,1,3,True,False,False,6,1,0
2023-05-30,leg,29244,31042,10,0,1,3,True,False,False,7,1,0
2023-05-30,leg,29244,31042,10,0,1,3,True,False,False,8,1,0
2023-05-30,leg,29244,31042,10,0,1,3,True,False,False,9,1,0
2023-05-30,leg,29244,31042,10,0,1,3,True,False,False,10,1,0
2023-05-30,leg,17639,49038,10,0,1,1,True,False,True,1,1,0
2023-05-30,leg,17639,49038,10,0,1,1,True,False,True,2,1,0
2023-05-30,leg,17639,49038,10,0,1,1,True,False,True,3,1,0
2023-05-30,leg,17639,49038,10,0,1,1,True,False,True,4,1,0
2023-05-30,leg,17639,49038,10,0,1,1,True,False,True,5,1,0
2023-05-30,leg,17639,49038,10,0,1,1,True,False,True,6,1,0
2023-05-30,leg,17639,49038,10,0,1,1,True,False,True,7,1,0
2023-05-30,leg,17639,49038,10,0,1,1,True,False,True,8,1,0
2023-05-30,leg,17639,49038,10,0,1,1,True,False,True,9,1,0
2023-05-30,leg,17639,49038,10,0,1,1,True,False,True,10,1,0
2023-05-30,leg,17639,204409,10,0,1,1,True,False,True,1,1,0
2023-05-30,leg,17639,204409,10,0,1,1,True,False,True,2,1,0
2023-05-30,leg,17639,204409,10,0,1,1,True,False,True,3,1,0
2023-05-30,leg,17639,204409,10,0,1,1,True,False,True,4,1,0
2023-05-30,leg,17639,204409,10,0,1,1,True,False,True,5,1,0
2023-05-30,leg,17639,204409,10,0,1,1,True,False,True,6,1,0
2023-05-30,leg,17639,204409,10,0,1,1,True,False,True,7,1,0
2023-05-30,leg,17639,204409,10,0,1,1,True,False,True,8,1,0
2023-05-30,leg,17639,204409,10,0,1,1,True,False,True,9,1,0
2023-05-30,leg,17639,204409,10,0,1,1,True,False,True,10,1,0
2023-05-30,leg,42874,198949,10,0,138,1,True,False,False,1,138,0
2023-05-30,leg,42874,198949,10,0,138,1,True,False,False,2,138,0
2023-05-30,leg,42874,198949,10,0,138,1,True,False,False,3,138,0
2023-05-30,leg,42874,198949,10,0,138,1,True,False,False,4,138,0
2023-05-30,leg,42874,198949,10,0,138,1,True,False,False,5,138,0
2023-05-30,leg,42874,198949,10,0,138,1,True,False,False,6,138,0
2023-05-30,leg,42874,198949,10,0,138,1,True,False,False,7,138,0
2023-05-30,leg,42874,198949,10,0,138,1,True,False,False,8,138,0
2023-05-30,leg,42874,198949,10,0,138,1,True,False,False,9,138,0
2023-05-30,leg,42874,198949,10,0,138,1,True,False,False,10,138,0
2023-05-30,leg,17639,49532,10,0,1,1,True,False,True,1,1,0
2023-05-30,leg,17639,49532,10,0,1,1,True,False,True,2,1,0
2023-05-30,leg,17639,49532,10,0,1,1,True,False,True,3,1,0
2023-05-30,leg,17639,49532,10,0,1,1,True,False,True,4,1,0
2023-05-30,leg,17639,49532,10,0,1,1,True,False,True,5,1,0
2023-05-30,leg,17639,49532,10,0,1,1,True,False,True,6,1,0
2023-05-30,leg,17639,49532,10,0,1,1,True,False,True,7,1,0
2023-05-30,leg,17639,49532,10,0,1,1,True,False,True,8,1,0
2023-05-30,leg,17639,49532,10,0,1,1,True,False,True,9,1,0
2023-05-30,leg,17639,49532,10,0,1,1,True,False,True,10,1,0
2023-05-30,leg,22356,267521,10,0,3,2,True,False,False,1,3,0
2023-05-30,leg,22356,267521,10,0,3,2,True,False,False,2,3,0
2023-05-30,leg,22356,267521,10,0,3,2,True,False,False,3,3,0
2023-05-30,leg,22356,267521,10,0,3,2,True,False,False,4,3,0
2023-05-30,leg,22356,267521,10,0,3,2,True,False,False,5,3,0
2023-05-30,leg,22356,267521,10,0,3,2,True,False,False,6,3,0
2023-05-30,leg,22356,267521,10,0,3,2,True,False,False,7,3,0
2023-05-30,leg,22356,267521,10,0,3,2,True,False,False,8,3,0
2023-05-30,leg,22356,267521,10,0,3,2,True,False,False,9,3,0
2023-05-30,leg,22356,267521,10,0,3,2,True,False,False,10,3,0
2023-05-30,leg,293,25751,10,0,1,1,True,False,True,1,1,0
2023-05-30,leg,293,25751,10,0,1,1,True,False,True,2,1,0
2023-05-30,leg,293,25751,10,0,1,1,True,False,True,3,1,0
2023-05-30,leg,293,25751,10,0,1,1,True,False,True,4,1,0
2023-05-30,leg,293,25751,10,0,1,1,True,False,True,5,1,0
2023-05-30,leg,293,25751,10,0,1,1,True,False,True,6,1,0
2023-05-30,leg,293,25751,10,0,1,1,True,False,True,7,1,0
2023-05-30,leg,293,25751,10,0,1,1,True,False,True,8,1,0
2023-05-30,leg,293,25751,10,0,1,1,True,False,True,9,1,0
2023-05-30,leg,293,25751,10,0,1,1,True,False,True,10,1,0
2023-05-30,leg,50624,56665,10,0,1,1,True,False,True,1,1,0
2023-05-30,leg,50624,56665,10,0,1,1,True,False,True,2,1,0
2023-05-30,leg,50624,56665,10,0,1,1,True,False,True,3,1,0
2023-05-30,leg,50624,56665,10,0,1,1,True,False,True,4,1,0
2023-05-30,leg,50624,56665,10,0,1,1,True,False,True,5,1,0
2023-05-30,leg,50624,56665,10,0,1,1,True,False,True,6,1,0
2023-05-30,leg,50624,56665,10,0,1,1,True,False,True,7,1,0
2023-05-30,leg,50624,56665,10,0,1,1,True,False,True,8,1,0
2023-05-30,leg,50624,56665,10,0,1,1,True,False,True,9,1,0
2023-05-30,leg,50624,56665,10,0,1,1,True,False,True,10,1,0
2023-05-30,leg,37468,52981,10,0,1,1,True,False,False,1,1,0
2023-05-30,leg,37468,52981,10,0,1,1,True,False,False,2,1,0
2023-05-30,leg,37468,52981,10,0,1,1,True,False,False,3,1,0
2023-05-30,leg,37468,52981,10,0,1,1,True,False,False,4,1,0
2023-05-30,leg,37468,52981,10,0,1,1,True,False,False,5,1,0
2023-05-30,leg,37468,52981,10,0,1,1,True,False,False,6,1,0
2023-05-30,leg,37468,52981,10,0,1,1,True,False,False,7,1,0
2023-05-30,leg,37468,52981,10,0,1,1,True,False,False,8,1,0
2023-05-30,leg,37468,52981,10,0,1,1,True,False,False,9,1,0
2023-05-30,leg,37468,52981,10,0,1,1,True,False,False,10,1,0
2023-05-30,leg,17639,197620,10,0,1,1,True,False,True,1,1,0
2023-05-30,leg,17639,197620,10,0,1,1,True,False,True,2,1,0
2023-05-30,leg,17639,197620,10,0,1,1,True,False,True,3,1,0
2023-05-30,leg,17639,197620,10,0,1,1,True,False,True,4,1,0
2023-05-30,leg,17639,197620,10,0,1,1,True,False,True,5,1,0
2023-05-30,leg,17639,197620,10,0,1,1,True,False,True,6,1,0
2023-05-30,leg,17639,197620,10,0,1,1,True,False,True,7,1,0
2023-05-30,leg,17639,197620,10,0,1,1,True,False,True,8,1,0
2023-05-30,leg,17639,197620,10,0,1,1,True,False,True,9,1,0
2023-05-30,leg,17639,197620,10,0,1,1,True,False,True,10,1,0
2023-05-30,leg,20764,50624,10,0,1,1,True,False,False,1,1,0
2023-05-30,leg,20764,50624,10,0,1,1,True,False,False,2,1,0
2023-05-30,leg,20764,50624,10,0,1,1,True,False,False,3,1,0
2023-05-30,leg,20764,50624,10,0,1,1,True,False,False,4,1,0
2023-05-30,leg,20764,50624,10,0,1,1,True,False,False,5,1,0
2023-05-30,leg,20764,50624,10,0,1,1,True,False,False,6,1,0
2023-05-30,leg,20764,50624,10,0,1,1,True,False,False,7,1,0
2023-05-30,leg,20764,50624,10,0,1,1,True,False,False,8,1,0
2023-05-30,leg,20764,50624,10,0,1,1,True,False,False,9,1,0
2023-05-30,leg,20764,50624,10,0,1,1,True,False,False,10,1,0
2023-05-30,leg,17639,204121,10,0,2,"1,2",True,False,True,1,2,0
2023-05-30,leg,17639,204121,10,0,2,"1,2",True,False,True,2,2,0
2023-05-30,leg,17639,204121,10,0,2,"1,2",True,False,True,3,2,0
2023-05-30,leg,17639,204121,10,0,2,"1,2",True,False,True,4,2,0
2023-05-30,leg,17639,204121,10,0,2,"1,2",True,False,True,5,2,0
2023-05-30,leg,17639,204121,10,0,2,"1,2",True,False,True,6,2,0
2023-05-30,leg,17639,204121,10,0,2,"1,2",True,False,True,7,2,0
2023-05-30,leg,17639,204121,10,0,2,"1,2",True,False,True,8,2,0
2023-05-30,leg,17639,204121,10,0,2,"1,2",True,False,True,9,2,0
2023-05-30,leg,17639,204121,10,0,2,"1,2",True,False,True,10,2,0
2023-05-30,leg,17639,49653,10,0,1,1,True,False,True,1,1,0
2023-05-30,leg,17639,49653,10,0,1,1,True,False,True,2,1,0
2023-05-30,leg,17639,49653,10,0,1,1,True,False,True,3,1,0
2023-05-30,leg,17639,49653,10,0,1,1,True,False,True,4,1,0
2023-05-30,leg,17639,49653,10,0,1,1,True,False,True,5,1,0
2023-05-30,leg,17639,49653,10,0,1,1,True,False,True,6,1,0
2023-05-30,leg,17639,49653,10,0,1,1,True,False,True,7,1,0
2023-05-30,leg,17639,49653,10,0,1,1,True,False,True,8,1,0
2023-05-30,leg,17639,49653,10,0,1,1,True,False,True,9,1,0
2023-05-30,leg,17639,49653,10,0,1,1,True,False,True,10,1,0
2023-05-30,leg,24889,136907,10,0,1,1,True,False,False,1,1,0
2023-05-30,leg,24889,136907,10,0,1,1,True,False,False,2,1,0
2023-05-30,leg,24889,136907,10,0,1,1,True,False,False,3,1,0
2023-05-30,leg,24889,136907,10,0,1,1,True,False,False,4,1,0
2023-05-30,leg,24889,136907,10,0,1,1,True,False,False,5,1,0
2023-05-30,leg,24889,136907,10,0,1,1,True,False,False,6,1,0
2023-05-30,leg,24889,136907,10,0,1,1,True,False,False,7,1,0
2023-05-30,leg,24889,136907,10,0,1,1,True,False,False,8,1,0
2023-05-30,leg,24889,136907,10,0,1,1,True,False,False,9,1,0
2023-05-30,leg,24889,136907,10,0,1,1,True,False,False,10,1,0
2023-05-30,leg,17639,51001,10,0,1,1,True,False,True,1,1,0
2023-05-30,leg,17639,51001,10,0,1,1,True,False,True,2,1,0
2023-05-30,leg,17639,51001,10,0,1,1,True,False,True,3,1,0
2023-05-30,leg,17639,51001,10,0,1,1,True,False,True,4,1,0
2023-05-30,leg,17639,51001,10,0,1,1,True,False,True,5,1,0
2023-05-30,leg,17639,51001,10,0,1,1,True,False,True,6,1,0
2023-05-30,leg,17639,51001,10,0,1,1,True,False,True,7,1,0
2023-05-30,leg,17639,51001,10,0,1,1,True,False,True,8,1,0
2023-05-30,leg,17639,51001,10,0,1,1,True,False,True,9,1,0
2023-05-30,leg,17639,51001,10,0,1,1,True,False,True,10,1,0
2023-05-30,leg,17639,39072,10,0,1,1,True,False,True,1,1,0
2023-05-30,leg,17639,39072,10,0,1,1,True,False,True,2,1,0
2023-05-30,leg,17639,39072,10,0,1,1,True,False,True,3,1,0
2023-05-30,leg,17639,39072,10,0,1,1,True,False,True,4,1,0
2023-05-30,leg,17639,39072,10,0,1,1,True,False,True,5,1,0
2023-05-30,leg,17639,39072,10,0,1,1,True,False,True,6,1,0
2023-05-30,leg,17639,39072,10,0,1,1,True,False,True,7,1,0
2023-05-30,leg,17639,39072,10,0,1,1,True,False,True,8,1,0
2023-05-30,leg,17639,39072,10,0,1,1,True,False,True,9,1,0
2023-05-30,leg,17639,39072,10,0,1,1,True,False,True,10,1,0
2023-05-30,leg,31122,198967,10,0,1,1,True,False,True,1,1,0
2023-05-30,leg,31122,198967,10,0,1,1,True,False,True,2,1,0
2023-05-30,leg,31122,198967,10,0,1,1,True,False,True,3,1,0
2023-05-30,leg,31122,198967,10,0,1,1,True,False,True,4,1,0
2023-05-30,leg,31122,198967,10,0,1,1,True,False,True,5,1,0
2023-05-30,leg,31122,198967,10,0,1,1,True,False,True,6,1,0
2023-05-30,leg,31122,198967,10,0,1,1,True,False,True,7,1,0
2023-05-30,leg,31122,198967,10,0,1,1,True,False,True,8,1,0
2023-05-30,leg,31122,198967,10,0,1,1,True,False,True,9,1,0
2023-05-30,leg,31122,198967,10,0,1,1,True,False,True,10,1,0
2023-05-30,leg,206446,328832,10,0,1,1,True,False,False,1,1,0
2023-05-30,leg,206446,328832,10,0,1,1,True,False,False,2,1,0
2023-05-30,leg,206446,328832,10,0,1,1,True,False,False,3,1,0
2023-05-30,leg,206446,328832,10,0,1,1,True,False,False,4,1,0
2023-05-30,leg,206446,328832,10,0,1,1,True,False,False,5,1,0
2023-05-30,leg,206446,328832,10,0,1,1,True,False,False,6,1,0
2023-05-30,leg,206446,328832,10,0,1,1,True,False,False,7,1,0
2023-05-30,leg,206446,328832,10,0,1,1,True,False,False,8,1,0
2023-05-30,leg,206446,328832,10,0,1,1,True,False,False,9,1,0
2023-05-30,leg,206446,328832,10,0,1,1,True,False,False,10,1,0
2023-05-30,leg,53062,269394,10,0,357,1,True,False,False,1,357,0
2023-05-30,leg,53062,269394,10,0,357,1,True,False,False,2,357,0
2023-05-30,leg,53062,269394,10,0,357,1,True,False,False,3,357,0
2023-05-30,leg,53062,269394,10,0,357,1,True,False,False,4,357,0
2023-05-30,leg,53062,269394,10,0,357,1,True,False,False,5,357,0
2023-05-30,leg,53062,269394,10,0,357,1,True,False,False,6,357,0
2023-05-30,leg,53062,269394,10,0,357,1,True,False,False,7,357,0
2023-05-30,leg,53062,269394,10,0,357,1,True,False,False,8,357,0
2023-05-30,leg,53062,269394,10,0,357,1,True,False,False,9,357,0
2023-05-30,leg,53062,269394,10,0,357,1,True,False,False,10,357,0
2023-05-30,leg,198967,328832,10,0,1,1,True,False,False,1,1,0
2023-05-30,leg,198967,328832,10,0,1,1,True,False,False,2,1,0
2023-05-30,leg,198967,328832,10,0,1,1,True,False,False,3,1,0
2023-05-30,leg,198967,328832,10,0,1,1,True,False,False,4,1,0
2023-05-30,leg,198967,328832,10,0,1,1,True,False,False,5,1,0
2023-05-30,leg,198967,328832,10,0,1,1,True,False,False,6,1,0
2023-05-30,leg,198967,328832,10,0,1,1,True,False,False,7,1,0
2023-05-30,leg,198967,328832,10,0,1,1,True,False,False,8,1,0
2023-05-30,leg,198967,328832,10,0,1,1,True,False,False,9,1,0
2023-05-30,leg,198967,328832,10,0,1,1,True,False,False,10,1,0
2023-05-30,leg,17639,204772,10,0,1,1,True,False,True,1,1,0
2023-05-30,leg,17639,204772,10,0,1,1,True,False,True,2,1,0
2023-05-30,leg,17639,204772,10,0,1,1,True,False,True,3,1,0
2023-05-30,leg,17639,204772,10,0,1,1,True,False,True,4,1,0
2023-05-30,leg,17639,204772,10,0,1,1,True,False,True,5,1,0
2023-05-30,leg,17639,204772,10,0,1,1,True,False,True,6,1,0
2023-05-30,leg,17639,204772,10,0,1,1,True,False,True,7,1,0
2023-05-30,leg,17639,204772,10,0,1,1,True,False,True,8,1,0
2023-05-30,leg,17639,204772,10,0,1,1,True,False,True,9,1,0
2023-05-30,leg,17639,204772,10,0,1,1,True,False,True,10,1,0
